{
    "camera_angle_x": 2.063776731491089,
    "frames": [
        {
            "file_path": "./train/r_1",
            "transform_matrix": [
                [
                    -0.6228730082511902,
                    -0.2579348087310791,
                    0.7385788559913635,
                    2.7381300926208496
                ],
                [
                    -2.9802315282267955e-08,
                    0.9440842866897583,
                    0.32970374822616577,
                    2.999999523162842
                ],
                [
                    -0.782322883605957,
                    0.20536355674266815,
                    -0.5880447030067444,
                    -2.180055618286133
                ],
                [
                    0.0,
                    0.0,
                    -0.0,
                    1.0
                ]
            ]
        },
        {
            "file_path": "./train/r_2",
            "transform_matrix": [
                [
                    -0.9985458254814148,
                    0.014043229632079601,
                    0.05204765871167183,
                    0.1886812299489975
                ],
                [
                    -9.313223525708736e-10,
                    0.9654739499092102,
                    -0.2604992389678955,
                    3.0000007152557373
                ],
                [
                    -0.05390891805291176,
                    -0.2601204216480255,
                    -0.9640700221061707,
                    -3.494910717010498
                ],
                [
                    -0.0,
                    -0.0,
                    -0.0,
                    1.0
                ]
            ]
        },
        {
            "file_path": "./train/r_3",
            "transform_matrix": [
                [
                    -0.6244741678237915,
                    -0.23670099675655365,
                    -0.7443147897720337,
                    -2.733659029006958
                ],
                [
                    -0.0,
                    0.952972412109375,
                    -0.30305662751197815,
                    2.999999761581421
                ],
                [
                    0.7810454368591309,
                    -0.18925102055072784,
                    -0.5951066613197327,
                    -2.185659885406494
                ],
                [
                    -0.0,
                    0.0,
                    -0.0,
                    1.0
                ]
            ]
        },
        {
            "file_path": "./train/r_5",
            "transform_matrix": [
                [
                    -0.8507043719291687,
                    -0.21658501029014587,
                    -0.4789498746395111,
                    -1.8397557735443115
                ],
                [
                    -1.4901159417490817e-08,
                    0.9111670255661011,
                    -0.41203710436820984,
                    3.0
                ],
                [
                    0.5256444215774536,
                    -0.3505217730998993,
                    -0.7751337289810181,
                    -2.9774653911590576
                ],
                [
                    -0.0,
                    0.0,
                    0.0,
                    1.0
                ]
            ]
        },
        {
            "file_path": "./train/r_6",
            "transform_matrix": [
                [
                    -0.982323169708252,
                    0.005567928776144981,
                    -0.1871097832918167,
                    -0.655174195766449
                ],
                [
                    -4.656611762854368e-10,
                    0.9995574355125427,
                    0.029744384810328484,
                    3.0
                ],
                [
                    0.1871926188468933,
                    0.029218599200248718,
                    -0.9818885326385498,
                    -3.43813157081604
                ],
                [
                    -0.0,
                    -0.0,
                    -0.0,
                    1.0
                ]
            ]
        },
        {
            "file_path": "./train/r_7",
            "transform_matrix": [
                [
                    0.018815036863088608,
                    0.05623035877943039,
                    -0.9982404708862305,
                    -3.499380350112915
                ],
                [
                    1.164152940713592e-10,
                    0.9984171390533447,
                    0.05624031648039818,
                    3.000000238418579
                ],
                [
                    0.9998229742050171,
                    -0.0010581637034192681,
                    0.018785258755087852,
                    0.06585261970758438
                ],
                [
                    -0.0,
                    0.0,
                    -0.0,
                    1.0
                ]
            ]
        },
        {
            "file_path": "./train/r_9",
            "transform_matrix": [
                [
                    -0.6587350964546204,
                    0.24720270931720734,
                    -0.7106046676635742,
                    -2.633312463760376
                ],
                [
                    -1.4901159417490817e-08,
                    0.9444819688796997,
                    0.3285631835460663,
                    2.999999761581421
                ],
                [
                    0.7523750066757202,
                    0.21643608808517456,
                    -0.6221633553504944,
                    -2.305572748184204
                ],
                [
                    -0.0,
                    -0.0,
                    -0.0,
                    1.0
                ]
            ]
        },
        {
            "file_path": "./train/r_10",
            "transform_matrix": [
                [
                    -0.9855048656463623,
                    -0.07528888434171677,
                    -0.1520254909992218,
                    -0.5937651991844177
                ],
                [
                    -0.0,
                    0.8961273431777954,
                    -0.44379690289497375,
                    3.000000238418579
                ],
                [
                    0.1696471869945526,
                    -0.43736395239830017,
                    -0.8831378817558289,
                    -3.4492669105529785
                ],
                [
                    -0.0,
                    0.0,
                    -0.0,
                    1.0
                ]
            ]
        },
        {
            "file_path": "./train/r_11",
            "transform_matrix": [
                [
                    -0.2388678640127182,
                    0.03036111406981945,
                    -0.9705772995948792,
                    -3.3986823558807373
                ],
                [
                    -1.3969836398786128e-09,
                    0.9995110630989075,
                    0.03126620501279831,
                    2.999999761581421
                ],
                [
                    0.9710520505905151,
                    0.007468493189662695,
                    -0.23875108361244202,
                    -0.8360375761985779
                ],
                [
                    -0.0,
                    -0.0,
                    -0.0,
                    1.0
                ]
            ]
        },
        {
            "file_path": "./train/r_13",
            "transform_matrix": [
                [
                    0.9704820513725281,
                    0.1088513433933258,
                    -0.2152108997106552,
                    -0.8441050052642822
                ],
                [
                    7.450577932388569e-09,
                    0.8923510909080505,
                    0.4513415992259979,
                    3.000000238418579
                ],
                [
                    0.24117285013198853,
                    -0.43801894783973694,
                    0.866010844707489,
                    3.3966875076293945
                ],
                [
                    -0.0,
                    0.0,
                    -0.0,
                    1.0
                ]
            ]
        },
        {
            "file_path": "./train/r_14",
            "transform_matrix": [
                [
                    -0.9721196889877319,
                    0.0063452343456447124,
                    0.2343994528055191,
                    0.8206986784934998
                ],
                [
                    -0.0,
                    0.9996337890625,
                    -0.027060262858867645,
                    3.0
                ],
                [
                    -0.23448532819747925,
                    -0.02630581334233284,
                    -0.9717636704444885,
                    -3.402418613433838
                ],
                [
                    -0.0,
                    -0.0,
                    -0.0,
                    1.0
                ]
            ]
        },
        {
            "file_path": "./train/r_15",
            "transform_matrix": [
                [
                    0.9447166919708252,
                    0.03263544291257858,
                    0.3262595534324646,
                    1.1476069688796997
                ],
                [
                    -1.862645149230957e-09,
                    0.9950343370437622,
                    -0.0995323657989502,
                    3.000000238418579
                ],
                [
                    -0.32788774371147156,
                    0.09402988851070404,
                    0.9400255680084229,
                    3.3065085411071777
                ],
                [
                    -0.0,
                    -0.0,
                    -0.0,
                    1.0
                ]
            ]
        },
        {
            "file_path": "./train/r_17",
            "transform_matrix": [
                [
                    -0.07268936932086945,
                    -0.1747559756040573,
                    -0.9819248914718628,
                    -3.490741491317749
                ],
                [
                    -0.0,
                    0.9845292568206787,
                    -0.17521950602531433,
                    3.0
                ],
                [
                    0.9973545670509338,
                    -0.012736594304442406,
                    -0.07156482338905334,
                    -0.2544127404689789
                ],
                [
                    -0.0,
                    0.0,
                    0.0,
                    1.0
                ]
            ]
        },
        {
            "file_path": "./train/r_18",
            "transform_matrix": [
                [
                    0.6769808530807495,
                    -0.2912210524082184,
                    0.675934374332428,
                    2.5760016441345215
                ],
                [
                    1.4901161193847656e-08,
                    0.9183882474899292,
                    0.39568042755126953,
                    3.0
                ],
                [
                    -0.736000657081604,
                    -0.2678680717945099,
                    0.6217312812805176,
                    2.3694331645965576
                ],
                [
                    -0.0,
                    0.0,
                    -0.0,
                    1.0
                ]
            ]
        },
        {
            "file_path": "./train/r_19",
            "transform_matrix": [
                [
                    -0.8554233312606812,
                    -0.12251345813274384,
                    0.5032310485839844,
                    1.8127539157867432
                ],
                [
                    -2.9802322387695313e-08,
                    0.9716206789016724,
                    0.23654460906982422,
                    3.000000476837158
                ],
                [
                    -0.5179295539855957,
                    0.20234574377536774,
                    -0.8311469554901123,
                    -2.9939815998077393
                ],
                [
                    0.0,
                    0.0,
                    -0.0,
                    1.0
                ]
            ]
        },
        {
            "file_path": "./train/r_21",
            "transform_matrix": [
                [
                    -0.9216455817222595,
                    0.08058958500623703,
                    -0.3795712888240814,
                    -1.358113169670105
                ],
                [
                    -7.450577932388569e-09,
                    0.9781949520111084,
                    0.2076878398656845,
                    2.999999523162842
                ],
                [
                    0.38803228735923767,
                    0.19141459465026855,
                    -0.9015493392944336,
                    -3.2257602214813232
                ],
                [
                    -0.0,
                    -0.0,
                    -0.0,
                    1.0
                ]
            ]
        },
        {
            "file_path": "./train/r_22",
            "transform_matrix": [
                [
                    -0.7022491693496704,
                    0.2970903813838959,
                    -0.6469801068305969,
                    -2.4917593002319336
                ],
                [
                    1.4901155864777138e-08,
                    0.9087676405906677,
                    0.41730210185050964,
                    2.999999761581421
                ],
                [
                    0.7119311690330505,
                    0.29305002093315125,
                    -0.6381813287734985,
                    -2.457872152328491
                ],
                [
                    -0.0,
                    -0.0,
                    -0.0,
                    1.0
                ]
            ]
        },
        {
            "file_path": "./train/r_23",
            "transform_matrix": [
                [
                    -0.2341715395450592,
                    0.4261244237422943,
                    -0.8738315105438232,
                    -3.4026834964752197
                ],
                [
                    -2.2351736461700966e-08,
                    0.8988229632377625,
                    0.43831154704093933,
                    3.0
                ],
                [
                    0.9721952080726624,
                    0.10264011472463608,
                    -0.2104787975549698,
                    -0.8196004629135132
                ],
                [
                    -0.0,
                    -0.0,
                    -0.0,
                    1.0
                ]
            ]
        },
        {
            "file_path": "./train/r_25",
            "transform_matrix": [
                [
                    -0.2682419717311859,
                    -0.1262691169977188,
                    -0.9550403356552124,
                    -3.371730089187622
                ],
                [
                    7.450577932388569e-09,
                    0.9913725852966309,
                    -0.1310727298259735,
                    2.999999523162842
                ],
                [
                    0.9633514285087585,
                    -0.035159215331077576,
                    -0.265927791595459,
                    -0.9388467669487
                ],
                [
                    -0.0,
                    0.0,
                    -0.0,
                    1.0
                ]
            ]
        },
        {
            "file_path": "./train/r_26",
            "transform_matrix": [
                [
                    0.019467944279313087,
                    -0.2225649356842041,
                    -0.9747232794761658,
                    -3.4993364810943604
                ],
                [
                    -0.0,
                    0.9749079942703247,
                    -0.22260713577270508,
                    2.999999761581421
                ],
                [
                    0.9998103976249695,
                    0.004333703778684139,
                    0.018979458138346672,
                    0.06813780218362808
                ],
                [
                    -0.0,
                    0.0,
                    -0.0,
                    1.0
                ]
            ]
        },
        {
            "file_path": "./train/r_27",
            "transform_matrix": [
                [
                    0.9626901745796204,
                    0.13352982699871063,
                    0.23536640405654907,
                    0.947120726108551
                ],
                [
                    7.450578820566989e-09,
                    0.8697754740715027,
                    -0.4934474527835846,
                    2.999999523162842
                ],
                [
                    -0.27060598134994507,
                    0.47503703832626343,
                    0.837324321269989,
                    3.369415283203125
                ],
                [
                    -0.0,
                    -0.0,
                    -0.0,
                    1.0
                ]
            ]
        },
        {
            "file_path": "./train/r_29",
            "transform_matrix": [
                [
                    -0.2096766084432602,
                    0.40623778104782104,
                    -0.8893853425979614,
                    -3.4221980571746826
                ],
                [
                    7.450578820566989e-09,
                    0.9096051454544067,
                    0.41547343134880066,
                    2.999999761581421
                ],
                [
                    0.9777708053588867,
                    0.08711504936218262,
                    -0.19072291254997253,
                    -0.7338681221008301
                ],
                [
                    -0.0,
                    0.0,
                    0.0,
                    1.0
                ]
            ]
        },
        {
            "file_path": "./train/r_30",
            "transform_matrix": [
                [
                    0.9871874451637268,
                    0.05153530836105347,
                    -0.15101422369480133,
                    -0.5584796667098999
                ],
                [
                    3.725290742551124e-09,
                    0.9464084506034851,
                    0.3229725658893585,
                    3.000000476837158
                ],
                [
                    0.15956561267375946,
                    -0.31883442401885986,
                    0.9342824220657349,
                    3.455156087875366
                ],
                [
                    -0.0,
                    0.0,
                    -0.0,
                    1.0
                ]
            ]
        },
        {
            "file_path": "./train/r_31",
            "transform_matrix": [
                [
                    0.30716773867607117,
                    0.07560412585735321,
                    -0.9486473202705383,
                    -3.3307933807373047
                ],
                [
                    -0.0,
                    0.9968390464782715,
                    0.07944487035274506,
                    2.999999761581421
                ],
                [
                    0.9516552090644836,
                    -0.024402901530265808,
                    0.30619683861732483,
                    1.075087070465088
                ],
                [
                    -0.0,
                    0.0,
                    -0.0,
                    1.0
                ]
            ]
        },
        {
            "file_path": "./train/r_33",
            "transform_matrix": [
                [
                    0.23347897827625275,
                    -0.2931298315525055,
                    -0.927125871181488,
                    -3.403265953063965
                ],
                [
                    -0.0,
                    0.953478217124939,
                    -0.30146169662475586,
                    3.000000238418579
                ],
                [
                    0.9723618030548096,
                    0.07038496434688568,
                    0.22261713445186615,
                    0.8171764016151428
                ],
                [
                    -0.0,
                    0.0,
                    -0.0,
                    1.0
                ]
            ]
        },
        {
            "file_path": "./train/r_34",
            "transform_matrix": [
                [
                    0.07816728949546814,
                    0.2559549808502197,
                    0.9635230302810669,
                    3.489290714263916
                ],
                [
                    -0.0,
                    0.9664801955223083,
                    -0.256740540266037,
                    3.0
                ],
                [
                    -0.9969401955604553,
                    0.020068714395165443,
                    0.07554715871810913,
                    0.27358555793762207
                ],
                [
                    -0.0,
                    -0.0,
                    -0.0,
                    1.0
                ]
            ]
        },
        {
            "file_path": "./train/r_35",
            "transform_matrix": [
                [
                    -0.059829555451869965,
                    -0.3186957836151123,
                    0.945966899394989,
                    3.493729591369629
                ],
                [
                    1.8626449271863521e-09,
                    0.9476644992828369,
                    0.31926771998405457,
                    2.999999761581421
                ],
                [
                    -0.9982085824012756,
                    0.019101647660136223,
                    -0.056698352098464966,
                    -0.2094034105539322
                ],
                [
                    0.0,
                    0.0,
                    -0.0,
                    1.0
                ]
            ]
        },
        {
            "file_path": "./train/r_37",
            "transform_matrix": [
                [
                    0.1860540211200714,
                    -0.10391861200332642,
                    0.977028489112854,
                    3.4388883113861084
                ],
                [
                    -1.8626447051417472e-09,
                    0.9943909645080566,
                    0.10576533526182175,
                    2.999999761581421
                ],
                [
                    -0.9825394153594971,
                    -0.019678065553307533,
                    0.18501046299934387,
                    0.6511891484260559
                ],
                [
                    -0.0,
                    0.0,
                    -0.0,
                    1.0
                ]
            ]
        },
        {
            "file_path": "./train/r_38",
            "transform_matrix": [
                [
                    0.8669133186340332,
                    -0.23093971610069275,
                    0.44173312187194824,
                    1.7446064949035645
                ],
                [
                    1.4901159417490817e-08,
                    0.886197566986084,
                    0.46330732107162476,
                    3.0
                ],
                [
                    -0.49845898151397705,
                    -0.40164729952812195,
                    0.768256425857544,
                    3.034196376800537
                ],
                [
                    -0.0,
                    0.0,
                    -0.0,
                    1.0
                ]
            ]
        },
        {
            "file_path": "./train/r_39",
            "transform_matrix": [
                [
                    -0.22359183430671692,
                    -0.14402322471141815,
                    0.963983416557312,
                    3.4113903045654297
                ],
                [
                    -3.725290298461914e-09,
                    0.9890226125717163,
                    0.147764191031456,
                    2.999999761581421
                ],
                [
                    -0.9746828675270081,
                    0.03303886204957962,
                    -0.2211373746395111,
                    -0.7825713753700256
                ],
                [
                    0.0,
                    0.0,
                    -0.0,
                    1.0
                ]
            ]
        },
        {
            "file_path": "./train/r_41",
            "transform_matrix": [
                [
                    -0.9854463338851929,
                    0.011731701903045177,
                    0.16958117485046387,
                    0.5949527025222778
                ],
                [
                    -9.313224635931761e-10,
                    0.9976155161857605,
                    -0.0690154954791069,
                    2.999999523162842
                ],
                [
                    -0.16998650133609772,
                    -0.068011075258255,
                    -0.9830965995788574,
                    -3.4490621089935303
                ],
                [
                    -0.0,
                    -0.0,
                    -0.0,
                    1.0
                ]
            ]
        },
        {
            "file_path": "./train/r_42",
            "transform_matrix": [
                [
                    0.31380611658096313,
                    -0.4593554437160492,
                    -0.8309743404388428,
                    -3.32320499420166
                ],
                [
                    1.4901161193847656e-08,
                    0.8751823306083679,
                    -0.4837932586669922,
                    3.000000238418579
                ],
                [
                    0.9494870901107788,
                    0.15181726217269897,
                    0.2746375799179077,
                    1.0983214378356934
                ],
                [
                    -0.0,
                    0.0,
                    -0.0,
                    1.0
                ]
            ]
        },
        {
            "file_path": "./train/r_43",
            "transform_matrix": [
                [
                    -0.16181328892707825,
                    -0.38782188296318054,
                    -0.9074196815490723,
                    -3.4538748264312744
                ],
                [
                    -7.4505797087454084e-09,
                    0.9195379018783569,
                    -0.39300107955932617,
                    2.999999761581421
                ],
                [
                    0.9868214130401611,
                    -0.06359279155731201,
                    -0.14879345893859863,
                    -0.5663465261459351
                ],
                [
                    -0.0,
                    0.0,
                    0.0,
                    1.0
                ]
            ]
        },
        {
            "file_path": "./train/r_45",
            "transform_matrix": [
                [
                    0.38992398977279663,
                    0.2685031592845917,
                    -0.8808321356773376,
                    -3.222964286804199
                ],
                [
                    -1.4901159417490817e-08,
                    0.9565455317497253,
                    0.2915828227996826,
                    3.0
                ],
                [
                    0.9208469986915588,
                    -0.11369512230157852,
                    0.3729800879955292,
                    1.364734172821045
                ],
                [
                    -0.0,
                    0.0,
                    -0.0,
                    1.0
                ]
            ]
        },
        {
            "file_path": "./train/r_46",
            "transform_matrix": [
                [
                    0.4724466800689697,
                    -0.12024154514074326,
                    -0.8731185793876648,
                    -3.0847573280334473
                ],
                [
                    -3.7252898543727042e-09,
                    0.9906499981880188,
                    -0.1364274024963379,
                    3.000000238418579
                ],
                [
                    0.8813592195510864,
                    0.06445467472076416,
                    0.46802932024002075,
                    1.6535638570785522
                ],
                [
                    -0.0,
                    0.0,
                    -0.0,
                    1.0
                ]
            ]
        },
        {
            "file_path": "./train/r_47",
            "transform_matrix": [
                [
                    0.6914163827896118,
                    0.34711533784866333,
                    -0.6336042284965515,
                    -2.5285983085632324
                ],
                [
                    1.4901159417490817e-08,
                    0.877013623714447,
                    0.4804653525352478,
                    3.000000238418579
                ],
                [
                    0.7224565148353577,
                    -0.33220162987709045,
                    0.6063815951347351,
                    2.419957160949707
                ],
                [
                    -0.0,
                    0.0,
                    -0.0,
                    1.0
                ]
            ]
        },
        {
            "file_path": "./train/r_49",
            "transform_matrix": [
                [
                    0.19469496607780457,
                    0.09461724013090134,
                    0.9762895703315735,
                    3.43302321434021
                ],
                [
                    -0.0,
                    0.9953364729881287,
                    -0.0964631736278534,
                    2.999999523162842
                ],
                [
                    -0.9808637499809265,
                    0.018780898302793503,
                    0.19378702342510223,
                    0.6814323663711548
                ],
                [
                    -0.0,
                    -0.0,
                    -0.0,
                    1.0
                ]
            ]
        },
        {
            "file_path": "./train/r_50",
            "transform_matrix": [
                [
                    -0.4989372491836548,
                    -0.29395121335983276,
                    -0.8152631521224976,
                    -3.0332329273223877
                ],
                [
                    -0.0,
                    0.9407192468643188,
                    -0.3391856253147125,
                    2.999999761581421
                ],
                [
                    0.8666380643844604,
                    -0.16923236846923828,
                    -0.4693599045276642,
                    -1.746280312538147
                ],
                [
                    -0.0,
                    0.0,
                    -0.0,
                    1.0
                ]
            ]
        },
        {
            "file_path": "./train/r_51",
            "transform_matrix": [
                [
                    -0.9967856407165527,
                    -0.03334355354309082,
                    -0.07284623384475708,
                    -0.2804014980792999
                ],
                [
                    -1.8626449271863521e-09,
                    0.9092741012573242,
                    -0.41619768738746643,
                    3.0
                ],
                [
                    0.0801146999001503,
                    -0.4148598611354828,
                    -0.9063514471054077,
                    -3.4887499809265137
                ],
                [
                    -0.0,
                    0.0,
                    0.0,
                    1.0
                ]
            ]
        },
        {
            "file_path": "./train/r_53",
            "transform_matrix": [
                [
                    0.8712506890296936,
                    0.03316826745867729,
                    -0.48971641063690186,
                    -1.7179341316223145
                ],
                [
                    7.4505797087454084e-09,
                    0.9977141618728638,
                    0.06757473200559616,
                    3.000000238418579
                ],
                [
                    0.4908384084701538,
                    -0.05887453630566597,
                    0.8692590594291687,
                    3.049377679824829
                ],
                [
                    -0.0,
                    0.0,
                    -0.0,
                    1.0
                ]
            ]
        },
        {
            "file_path": "./train/r_54",
            "transform_matrix": [
                [
                    0.9980906248092651,
                    -0.02599310502409935,
                    -0.056030262261629105,
                    -0.21618081629276276
                ],
                [
                    -1.8626444830971423e-09,
                    0.9071382880210876,
                    -0.4208323061466217,
                    2.999999761581421
                ],
                [
                    0.061765946447849274,
                    0.42002877593040466,
                    0.9054063558578491,
                    3.4933173656463623
                ],
                [
                    -0.0,
                    0.0,
                    -0.0,
                    1.0
                ]
            ]
        },
        {
            "file_path": "./train/r_55",
            "transform_matrix": [
                [
                    0.9682421088218689,
                    -0.048744797706604004,
                    0.24521678686141968,
                    0.8750513792037964
                ],
                [
                    1.1175872671742582e-08,
                    0.98080974817276,
                    0.19496774673461914,
                    3.0
                ],
                [
                    -0.25001463294029236,
                    -0.18877597153186798,
                    0.9496612548828125,
                    3.3888473510742188
                ],
                [
                    -0.0,
                    0.0,
                    -0.0,
                    1.0
                ]
            ]
        },
        {
            "file_path": "./train/r_57",
            "transform_matrix": [
                [
                    0.7760411500930786,
                    -0.25514793395996094,
                    -0.5767664909362793,
                    -2.207387685775757
                ],
                [
                    7.450579886381092e-08,
                    0.9145119786262512,
                    -0.4045585095882416,
                    2.999999523162842
                ],
                [
                    0.6306822299957275,
                    0.31395405530929565,
                    0.7096989750862122,
                    2.716143846511841
                ],
                [
                    -0.0,
                    0.0,
                    -0.0,
                    1.0
                ]
            ]
        },
        {
            "file_path": "./train/r_58",
            "transform_matrix": [
                [
                    -0.6905016303062439,
                    0.3229943811893463,
                    -0.6472111344337463,
                    -2.5316576957702637
                ],
                [
                    1.4901162970204496e-08,
                    0.8947650194168091,
                    0.4465375244617462,
                    2.999999761581421
                ],
                [
                    0.7233309149742126,
                    0.3083348572254181,
                    -0.6178366541862488,
                    -2.4167559146881104
                ],
                [
                    -0.0,
                    0.0,
                    0.0,
                    1.0
                ]
            ]
        },
        {
            "file_path": "./train/r_59",
            "transform_matrix": [
                [
                    0.21958553791046143,
                    0.32265740633010864,
                    -0.9206922650337219,
                    -3.4145760536193848
                ],
                [
                    1.4901159417490817e-08,
                    0.9437255263328552,
                    0.3307294249534607,
                    2.999999523162842
                ],
                [
                    0.9755932092666626,
                    -0.07262342423200607,
                    0.20722849667072296,
                    0.7685495615005493
                ],
                [
                    -0.0,
                    0.0,
                    -0.0,
                    1.0
                ]
            ]
        },
        {
            "file_path": "./train/r_61",
            "transform_matrix": [
                [
                    -0.07284601777791977,
                    -0.18721817433834076,
                    0.9796134829521179,
                    3.49070143699646
                ],
                [
                    2.7939670577126208e-09,
                    0.9822230339050293,
                    0.18771690130233765,
                    3.000000238418579
                ],
                [
                    -0.997343122959137,
                    0.013674430549144745,
                    -0.07155103981494904,
                    -0.2549610733985901
                ],
                [
                    0.0,
                    0.0,
                    -0.0,
                    1.0
                ]
            ]
        },
        {
            "file_path": "./train/r_62",
            "transform_matrix": [
                [
                    -0.17811810970306396,
                    0.2535352408885956,
                    0.9507858157157898,
                    3.4440321922302246
                ],
                [
                    -0.0,
                    0.9662368297576904,
                    -0.2576553523540497,
                    2.999999523162842
                ],
                [
                    -0.9840091466903687,
                    -0.04589308798313141,
                    -0.17210426926612854,
                    -0.6234133839607239
                ],
                [
                    -0.0,
                    -0.0,
                    -0.0,
                    1.0
                ]
            ]
        },
        {
            "file_path": "./train/r_63",
            "transform_matrix": [
                [
                    0.13732653856277466,
                    -0.4206821918487549,
                    0.8967539668083191,
                    3.4668405055999756
                ],
                [
                    1.1175867342672063e-08,
                    0.9053311944007874,
                    0.42470595240592957,
                    2.999999523162842
                ],
                [
                    -0.9905257821083069,
