{
    "camera_angle_x": 1.623098373413086,
    "frames": [
        {
            "file_path": "./train/r_1",
            "transform_matrix": [
                [
                    -0.9770090579986572,
                    0.19961583614349365,
                    -0.07487795501947403,
                    -2.4517719745635986
                ],
                [
                    7.450579886381092e-08,
                    0.3512142300605774,
                    0.9362950921058655,
                    12.0
                ],
                [
                    0.2131975293159485,
                    0.9147688150405884,
                    -0.34313952922821045,
                    -11.23560619354248
                ],
                [
                    -0.0,
                    0.0,
                    0.0,
                    1.0
                ]
            ]
        },
        {
            "file_path": "./train/r_2",
            "transform_matrix": [
                [
                    0.9482971429824829,
                    -0.267141193151474,
                    -0.171371191740036,
                    3.649914264678955
                ],
                [
                    -0.0,
                    -0.539949357509613,
                    0.8416975736618042,
                    12.0
                ],
                [
                    -0.3173838257789612,
                    -0.7981794476509094,
                    -0.5120324492454529,
                    10.905418395996094
                ],
                [
                    -0.0,
                    0.0,
                    -0.0,
                    1.0
                ]
            ]
        },
        {
            "file_path": "./train/r_3",
            "transform_matrix": [
                [
                    0.6901279091835022,
                    -0.33869630098342896,
                    -0.6395376324653625,
                    -8.322406768798828
                ],
                [
                    -0.0,
                    0.8837207555770874,
                    -0.468014657497406,
                    12.0
                ],
                [
                    0.723687469959259,
                    0.32298994064331055,
                    0.6098803281784058,
                    7.9364705085754395
                ],
                [
                    -0.0,
                    0.0,
                    -0.0,
                    1.0
                ]
            ]
        },
        {
            "file_path": "./train/r_5",
            "transform_matrix": [
                [
                    -0.3445567190647125,
                    0.3246435523033142,
                    0.8808445930480957,
                    10.79580307006836
                ],
                [
                    2.2351738238057806e-08,
                    0.9383009672164917,
                    -0.3458196520805359,
                    12.0
                ],
                [
                    -0.9387655258178711,
                    -0.11915445327758789,
                    -0.323297917842865,
                    -3.9624009132385254
                ],
                [
                    -0.0,
                    -0.0,
                    -0.0,
                    1.0
                ]
            ]
        },
        {
            "file_path": "./train/r_6",
            "transform_matrix": [
                [
                    0.1457933485507965,
                    -0.8344172835350037,
                    -0.5314996838569641,
                    11.377124786376953
                ],
                [
                    -4.470347292340193e-08,
                    -0.5372400283813477,
                    0.8434293866157532,
                    12.000000953674316
                ],
                [
                    -0.9893149137496948,
                    -0.12296636402606964,
                    -0.07832606136798859,
                    1.6766237020492554
                ],
                [
                    -0.0,
                    0.0,
                    -0.0,
                    1.0
                ]
            ]
        },
        {
            "file_path": "./train/r_7",
            "transform_matrix": [
                [
                    0.988715648651123,
                    -0.01929054595530033,
                    0.14855694770812988,
                    1.7227479219436646
                ],
                [
                    -0.0,
                    0.9916742444038391,
                    0.12877176702022552,
                    11.999999046325684
                ],
                [
                    -0.14980417490005493,
                    -0.12731866538524628,
                    0.9804839491844177,
                    11.370232582092285
                ],
                [
                    -0.0,
                    0.0,
                    -0.0,
                    1.0
                ]
            ]
        },
        {
            "file_path": "./train/r_9",
            "transform_matrix": [
                [
                    0.8171819448471069,
                    -0.3017091751098633,
                    -0.49110594391822815,
                    -6.6283674240112305
                ],
                [
                    4.470347292340193e-08,
                    0.8520528674125671,
                    -0.5234555602073669,
                    12.000000953674316
                ],
                [
                    0.576379656791687,
                    0.42775842547416687,
                    0.6962822675704956,
                    9.397592544555664
                ],
                [
                    -0.0,
                    0.0,
                    -0.0,
                    1.0
                ]
            ]
        },
        {
            "file_path": "./train/r_10",
            "transform_matrix": [
                [
                    0.638374388217926,
                    -0.6202418804168701,
                    0.4558267295360565,
                    8.851848602294922
                ],
                [
                    2.9802315282267955e-08,
                    0.5921935439109802,
                    0.8057957291603088,
                    12.000000953674316
                ],
                [
                    -0.7697259783744812,
                    -0.5143993496894836,
                    0.37804123759269714,
                    7.341305732727051
                ],
                [
                    -0.0,
                    0.0,
                    -0.0,
                    1.0
                ]
            ]
        },
        {
            "file_path": "./train/r_11",
            "transform_matrix": [
                [
                    0.99860680103302,
                    0.047966599464416504,
                    0.02199184149503708,
                    0.6068291664123535
                ],
                [
                    -7.450580596923828e-09,
                    0.41676682233810425,
                    -0.9090134501457214,
                    12.0
                ],
                [
                    -0.05276775360107422,
                    0.9077470302581787,
                    0.4161861836910248,
                    11.483979225158691
                ],
                [
                    -0.0,
                    -0.0,
                    -0.0,
                    1.0
                ]
            ]
        },
        {
            "file_path": "./train/r_13",
            "transform_matrix": [
                [
                    0.6354511380195618,
                    0.7666199803352356,
                    0.09217067807912827,
                    -8.879621505737305
                ],
                [
                    -1.4528630742915993e-07,
                    -0.11937013268470764,
                    0.9928498268127441,
                    11.999999046325684
                ],
                [
                    0.7721409201622009,
                    -0.6309075951576233,
                    -0.07585379481315613,
                    7.307689666748047
                ],
                [
                    -0.0,
                    0.0,
                    -0.0,
                    1.0
                ]
            ]
        },
        {
            "file_path": "./train/r_14",
            "transform_matrix": [
                [
                    0.03686630353331566,
                    0.5394805073738098,
                    0.8411905765533447,
                    11.492182731628418
                ],
                [
                    -1.1175868230850483e-08,
                    0.8417627215385437,
                    -0.5398475527763367,
                    12.0
                ],
                [
                    -0.9993201494216919,
                    0.019902171567082405,
                    0.031032687053084373,
                    0.4239622950553894
                ],
                [
                    -0.0,
                    -0.0,
                    -0.0,
                    1.0
                ]
            ]
        },
        {
            "file_path": "./train/r_15",
            "transform_matrix": [
                [
                    -0.1419205218553543,
                    -0.9564136862754822,
                    -0.2552080750465393,
                    -11.383597373962402
                ],
                [
                    -1.1175868230850483e-08,
                    0.25781768560409546,
                    -0.966193437576294,
                    12.000000953674316
                ],
                [
                    0.9898780584335327,
                    -0.13712267577648163,
                    -0.03658963367342949,
                    -1.632085919380188
                ],
                [
                    -0.0,
                    0.0,
                    0.0,
                    1.0
                ]
            ]
        },
        {
            "file_path": "./train/r_17",
            "transform_matrix": [
                [
                    -0.8561227917671204,
                    0.38526761531829834,
                    0.3444159924983978,
                    -5.942881107330322
                ],
                [
                    -7.450579886381092e-08,
                    -0.6664754748344421,
                    0.7455269694328308,
                    12.0
                ],
                [
                    0.5167722105979919,
                    0.6382626295089722,
                    0.5705849528312683,
                    -9.845413208007813
                ],
                [
                    -0.0,
                    0.0,
                    -0.0,
                    1.0
                ]
            ]
        },
        {
            "file_path": "./train/r_18",
            "transform_matrix": [
                [
                    -0.43540841341018677,
                    -0.3501581847667694,
                    0.8293423056602478,
                    10.352680206298828
                ],
                [
                    -8.940695295223122e-08,
                    0.9212529063224792,
                    0.38896387815475464,
                    11.999998092651367
                ],
                [
                    -0.9002329707145691,
                    0.16935810446739197,
                    -0.4011213183403015,
                    -5.007194519042969
                ],
                [
                    0.0,
                    0.0,
                    -0.0,
                    1.0
                ]
            ]
        },
        {
            "file_path": "./train/r_19",
            "transform_matrix": [
                [
                    -0.09916014224290848,
                    -0.8483363389968872,
                    -0.5200890898704529,
                    -11.443321228027344
                ],
                [
                    -3.725290298461914e-09,
                    0.5226650834083557,
                    -0.8525381088256836,
                    12.0
                ],
                [
                    0.995071530342102,
                    -0.0845377966761589,
                    -0.05182754620909691,
                    -1.1403414011001587
                ],
                [
                    -0.0,
                    0.0,
                    0.0,
                    1.0
                ]
            ]
        },
        {
            "file_path": "./train/r_21",
            "transform_matrix": [
                [
                    -0.12776437401771545,
                    0.07203279435634613,
                    0.9891852140426636,
                    -11.405752182006836
                ],
                [
                    -2.7939670577126208e-09,
                    -0.9973589777946472,
                    0.07262801378965378,
                    12.0
                ],
                [
                    0.9918044805526733,
                    0.00927927065640688,
                    0.12742696702480316,
                    -1.4692902565002441
                ],
                [
                    -0.0,
                    0.0,
                    -0.0,
                    1.0
                ]
            ]
        },
        {
            "file_path": "./train/r_22",
            "transform_matrix": [
                [
                    0.4825163185596466,
                    0.7887930274009705,
                    -0.38076674938201904,
                    -10.072697639465332
                ],
                [
                    4.470347292340193e-08,
                    0.43472132086753845,
                    0.9005649089813232,
                    11.999999046325684
                ],
                [
                    0.8758867979049683,
                    -0.4345373213291168,
                    0.2097601294517517,
                    5.548937797546387
                ],
                [
                    -0.0,
                    0.0,
                    -0.0,
                    1.0
                ]
            ]
        },
        {
            "file_path": "./train/r_23",
            "transform_matrix": [
                [
                    -0.9557886123657227,
                    -0.22408249974250793,
                    0.19040775299072266,
                    3.3816275596618652
                ],
                [
                    -4.4703490686970326e-08,
                    0.647525429725647,
                    0.7620439529418945,
                    12.000001907348633
                ],
                [
                    -0.2940545380115509,
                    0.7283529043197632,
                    -0.6188974976539612,
                    -10.991569519042969
                ],
                [
                    0.0,
                    0.0,
                    -0.0,
                    1.0
                ]
            ]
        },
        {
            "file_path": "./train/r_25",
            "transform_matrix": [
                [
                    -0.613831102848053,
                    -0.6125638484954834,
                    -0.4979727566242218,
                    -9.078532218933105
                ],
                [
                    -2.0861622829215776e-07,
                    0.6307945847511292,
                    -0.7759498357772827,
                    11.999999046325684
                ],
                [
                    0.7894372940063477,
                    -0.47630202770233154,
                    -0.3872014582157135,
                    -7.059056758880615
                ],
                [
                    -0.0,
                    0.0,
                    0.0,
                    1.0
                ]
            ]
        },
        {
            "file_path": "./train/r_26",
            "transform_matrix": [
                [
                    -0.9861425757408142,
                    -0.16164375841617584,
                    0.03733861818909645,
                    -1.9078524112701416
                ],
                [
                    -3.3527612686157227e-08,
                    -0.22506655752658844,
                    -0.9743433594703674,
                    12.0
                ],
                [
                    0.16590020060539246,
                    -0.9608414769172668,
                    0.22194769978523254,
                    -11.340641021728516
                ],
                [
                    -0.0,
                    0.0,
                    -0.0,
                    1.0
                ]
            ]
        },
        {
            "file_path": "./train/r_27",
            "transform_matrix": [
                [
                    0.7521372437477112,
                    0.2605825662612915,
                    -0.6052985787391663,
                    -7.578575611114502
                ],
                [
                    -5.960464477539063e-08,
                    0.918501615524292,
                    0.3954172432422638,
                    12.0
                ],
                [
                    0.6590065360069275,
                    -0.29740798473358154,
                    0.6908392906188965,
                    8.649579048156738
                ],
                [
                    -0.0,
                    0.0,
                    -0.0,
                    1.0
                ]
            ]
        },
        {
            "file_path": "./train/r_29",
            "transform_matrix": [
                [
                    0.6421281099319458,
                    0.4311172068119049,
                    0.6338841319084167,
                    -8.815868377685547
                ],
                [
                    -0.0,
                    -0.8268802762031555,
                    0.5623777508735657,
                    11.999999046325684
                ],
                [
                    0.7665970921516418,
                    -0.3611186146736145,
                    -0.5309632420539856,
                    7.384474277496338
                ],
                [
                    -0.0,
                    0.0,
                    -0.0,
                    1.0
                ]
            ]
        },
        {
            "file_path": "./train/r_30",
            "transform_matrix": [
                [
                    0.9516576528549194,
                    -0.021793203428387642,
                    0.3063865602016449,
                    -3.5323486328125
                ],
                [
                    -7.4505797087454084e-09,
                    -0.9974797964096069,
                    -0.07095048576593399,
                    11.999998092651367
                ],
                [
                    0.3071606755256653,
                    0.06752056628465652,
                    -0.949259340763092,
                    10.944064140319824
                ],
                [
                    -0.0,
                    0.0,
                    -0.0,
                    1.0
                ]
            ]
        },
        {
            "file_path": "./train/r_31",
            "transform_matrix": [
                [
                    -0.9517217874526978,
                    -0.07074355334043503,
                    0.298698365688324,
                    -3.5300581455230713
                ],
                [
                    7.450578820566989e-09,
                    -0.9730807542800903,
                    -0.2304639220237732,
                    12.0
                ],
                [
                    0.30696147680282593,
                    -0.21933753788471222,
                    0.9261023998260498,
                    -10.944802284240723
                ],
                [
                    -0.0,
                    0.0,
                    -0.0,
                    1.0
                ]
            ]
        },
        {
            "file_path": "./train/r_33",
            "transform_matrix": [
                [
                    -0.33120784163475037,
                    -0.5429261326789856,
                    0.7717074751853943,
                    10.850914001464844
                ],
                [
                    -2.9802315282267955e-08,
                    0.8178697824478149,
                    0.5754031538963318,
                    11.999999046325684
                ],
                [
                    -0.943557620048523,
                    0.19057804346084595,
                    -0.2708849608898163,
                    -3.808889865875244
                ],
                [
                    0.0,
                    0.0,
                    -0.0,
                    1.0
                ]
            ]
        },
        {
            "file_path": "./train/r_34",
            "transform_matrix": [
                [
                    -0.42659974098205566,
                    -0.9044113755226135,
                    0.007239343132823706,
                    10.401063919067383
                ],
                [
                    -2.9103819798592667e-08,
                    0.008004236035048962,
                    0.9999678134918213,
                    12.0
                ],
                [
                    -0.9044404029846191,
                    0.4265860319137573,
                    -0.0034146318212151527,
                    -4.905896186828613
                ],
                [
                    0.0,
                    0.0,
                    -0.0,
                    1.0
                ]
            ]
        },
        {
            "file_path": "./train/r_35",
            "transform_matrix": [
                [
                    0.664156973361969,
                    -0.5290797352790833,
                    -0.5281761884689331,
                    8.597319602966309
                ],
                [
                    2.533197118737007e-07,
                    -0.7065020203590393,
                    0.7077110409736633,
                    12.0
                ],
                [
                    -0.747593104839325,
                    -0.47003132104873657,
                    -0.4692281484603882,
                    7.637806415557861
                ],
                [
                    -0.0,
                    0.0,
                    -0.0,
                    1.0
                ]
            ]
        },
        {
            "file_path": "./train/r_37",
            "transform_matrix": [
                [
                    -0.12058383226394653,
                    -0.7682480216026306,
                    -0.6286924481391907,
                    11.416086196899414
                ],
                [
                    -5.5879340266073996e-08,
                    -0.6333135962486267,
                    0.7738950848579407,
                    11.999999046325684
                ],
                [
                    -0.9927029609680176,
                    0.09331927448511124,
                    0.07636737078428268,
                    -1.3867146968841553
                ],
                [
                    0.0,
                    0.0,
                    -0.0,
                    1.0
                ]
            ]
        },
        {
            "file_path": "./train/r_38",
            "transform_matrix": [
                [
                    0.17190955579280853,
                    0.9342526197433472,
                    -0.31244096159935,
                    11.328797340393066
                ],
                [
                    7.823110337312755e-08,
                    -0.3171626627445221,
                    -0.9483712911605835,
                    12.000001907348633
                ],
                [
                    -0.9851128458976746,
                    0.16303405165672302,
                    -0.054523371160030365,
                    1.9769597053527832
                ],
                [
                    -0.0,
                    0.0,
                    0.0,
                    1.0
                ]
            ]
        },
        {
            "file_path": "./train/r_39",
            "transform_matrix": [
                [
                    -0.33300668001174927,
                    0.021033285185694695,
                    -0.9426897168159485,
                    -10.843629837036133
                ],
                [
                    -0.0,
                    0.9997510313987732,
                    0.02230643853545189,
                    12.0
                ],
                [
                    0.9429243206977844,
                    0.0074281939305365086,
                    -0.3329238295555115,
                    -3.8295772075653076
                ],
                [
                    -0.0,
                    0.0,
                    0.0,
                    1.0
                ]
            ]
        },
        {
            "file_path": "./train/r_41",
            "transform_matrix": [
                [
                    -0.775117039680481,
                    -0.011129663325846195,
                    -0.6317195892333984,
                    -7.265900135040283
                ],
                [
                    6.51925713412993e-09,
                    0.9998447895050049,
                    -0.017615318298339844,
                    11.999998092651367
                ],
                [
                    0.631817638874054,
                    -0.013653937727212906,
                    -0.7749966979026794,
                    -8.913848876953125
                ],
                [
                    -0.0,
                    0.0,
                    -0.0,
                    1.0
                ]
            ]
        },
        {
            "file_path": "./train/r_42",
            "transform_matrix": [
                [
                    -0.15441785752773285,
                    -0.4377993643283844,
                    -0.8857125639915466,
                    -11.362065315246582
                ],
                [
                    -7.4505797087454084e-09,
                    0.8964650630950928,
                    -0.4431142508983612,
                    11.999998092651367
                ],
                [
                    0.9880055785179138,
                    -0.06842474639415741,
                    -0.13843023777008057,
                    -1.7758053541183472
                ],
                [
                    -0.0,
                    0.0,
                    0.0,
                    1.0
                ]
            ]
        },
        {
            "file_path": "./train/r_43",
            "transform_matrix": [
                [
                    0.21046195924282074,
                    -0.9457070231437683,
                    0.24767693877220154,
                    -11.242424011230469
                ],
                [
                    -4.8428766774577525e-08,
                    -0.25335150957107544,
                    -0.9673742651939392,
                    12.0
                ],
                [
                    0.9776020050048828,
                    0.20359547436237335,
                    -0.053320907056331635,
                    2.4203128814697266
                ],
                [
                    -0.0,
                    0.0,
                    -0.0,
                    1.0
                ]
            ]
        },
        {
            "file_path": "./train/r_45",
            "transform_matrix": [
                [
                    -0.07602769136428833,
                    -0.9703960418701172,
                    -0.2292403280735016,
                    11.466715812683105
                ],
                [
                    3.352760558072987e-08,
                    -0.22990572452545166,
                    0.9732128381729126,
                    12.000000953674316
                ],
                [
                    -0.9971056580543518,
                    0.07399111986160278,
                    0.01747923344373703,
                    -0.8743184804916382
                ],
                [
                    0.0,
                    0.0,
                    -0.0,
                    1.0
                ]
            ]
        },
        {
            "file_path": "./train/r_46",
            "transform_matrix": [
                [
                    -0.7097020745277405,
                    -0.7038986086845398,
                    0.029150009155273438,
                    8.10177230834961
                ],
                [
                    -2.5704503059387207e-07,
                    0.04137702286243439,
                    0.9991436004638672,
                    11.999999046325684
                ],
                [
                    -0.7045019268989563,
                    0.7090942859649658,
                    -0.02936553955078125,
                    -8.16157341003418
                ],
                [
                    0.0,
                    0.0,
                    -0.0,
                    1.0
                ]
            ]
        },
        {
            "file_path": "./train/r_47",
            "transform_matrix": [
                [
                    0.022347286343574524,
                    -0.9946853518486023,
                    -0.10050676017999649,
                    11.4971284866333
                ],
                [
                    -3.259629011154175e-09,
                    -0.10053186863660812,
                    0.9949337840080261,
                    12.0
                ],
                [
                    -0.9997502565383911,
                    -0.022234071046113968,
                    -0.002246617805212736,
                    0.2569938004016876
                ],
                [
                    -0.0,
                    0.0,
                    -0.0,
                    1.0
                ]
            ]
        },
        {
            "file_path": "./train/r_49",
            "transform_matrix": [
                [
                    0.9996090531349182,
                    -0.023566702380776405,
                    0.01504403818398714,
                    0.3215298056602478
                ],
                [
                    -9.313225746154785e-09,
                    0.5380723476409912,
                    0.8428986668586731,
                    12.000000953674316
                ],
                [
                    -0.027959123253822327,
                    -0.84256911277771,
                    0.5378620028495789,
                    11.495504379272461
                ],
                [
                    -0.0,
                    0.0,
                    -0.0,
                    1.0
                ]
            ]
        },
        {
            "file_path": "./train/r_50",
            "transform_matrix": [
                [
                    -0.13984118402004242,
                    0.5940260291099548,
                    0.7921978235244751,
                    -11.387001037597656
                ],
                [
                    4.470347292340193e-08,
                    -0.8000591993331909,
                    0.599920928478241,
                    12.000000953674316
                ],
                [
                    0.9901738166809082,
                    0.08389367908239365,
                    0.11188121140003204,
                    -1.608174443244934
                ],
                [
                    -0.0,
                    -0.0,
                    -0.0,
                    1.0
                ]
            ]
        },
        {
            "file_path": "./train/r_51",
            "transform_matrix": [
                [
                    0.4770578145980835,
                    0.7474167346954346,
                    0.46236783266067505,
                    10.107027053833008
                ],
                [
                    2.9802318834981634e-08,
                    0.5260924100875854,
                    -0.8504273891448975,
                    12.0
                ],
                [
                    -0.8788719177246094,
                    0.40570303797721863,
                    0.25097647309303284,
                    5.486164569854736
                ],
                [
                    -0.0,
                    -0.0,
                    -0.0,
                    1.0
                ]
            ]
        },
        {
            "file_path": "./train/r_53",
            "transform_matrix": [
                [
                    0.5498607158660889,
                    0.823580265045166,
                    0.13917063176631927,
                    -9.605445861816406
                ],
                [
                    8.195636524988004e-08,
                    -0.16662031412124634,
                    0.9860209226608276,
                    11.999998092651367
                ],
                [
                    0.8352562189102173,
                    -0.542174220085144,
                    -0.09161804616451263,
                    6.323398113250732
                ],
                [
                    -0.0,
                    0.0,
                    -0.0,
                    1.0
                ]
            ]
        },
        {
            "file_path": "./train/r_54",
            "transform_matrix": [
                [
                    0.2398935854434967,
                    0.23307760059833527,
                    -0.9424044489860535,
                    -11.164191246032715
                ],
                [
                    2.980232594040899e-08,
                    0.970751166343689,
                    0.24008838832378387,
                    12.0
                ],
                [
                    0.9707992672920227,
                    -0.057595688849687576,
                    0.2328769713640213,
                    2.758777379989624
                ],
                [
                    -0.0,
                    0.0,
                    -0.0,
                    1.0
                ]
            ]
        },
        {
            "file_path": "./train/r_55",
            "transform_matrix": [
                [
                    -0.8023422360420227,
                    -0.10047021508216858,
                    -0.588347315788269,
                    -6.863935947418213
                ],
                [
                    2.2351736461700966e-08,
                    0.9857305288314819,
                    -0.1683301329612732,
                    12.0
                ],
                [
                    0.5968641638755798,
                    -0.13505840301513672,
                    -0.7908933162689209,
                    -9.226936340332031
                ],
                [
                    -0.0,
                    0.0,
                    -0.0,
                    1.0
                ]
            ]
        },
        {
            "file_path": "./train/r_57",
            "transform_matrix": [
                [
                    -0.9752820134162903,
                    -0.12917572259902954,
                    -0.17927195131778717,
                    -2.541078567504883
                ],
                [
                    1.4901155864777138e-08,
                    0.8113196492195129,
                    -0.5846024751663208,
                    11.999999046325684
                ],
                [
                    0.22096335887908936,
                    -0.5701523423194885,
                    -0.791265606880188,
                    -11.21574592590332
                ],
                [
                    -0.0,
                    0.0,
                    -0.0,
                    1.0
                ]
            ]
        },
        {
            "file_path": "./train/r_58",
            "transform_matrix": [
                [
                    0.9977158308029175,
                    0.04446383938193321,
                    -0.050853535532951355,
                    -0.7768346667289734
                ],
                [
                    -1.1175872671742582e-08,
                    0.7528189420700073,
                    0.6582277417182922,
                    11.999998092651367
                ],
                [
                    0.06755083054304123,
                    -0.656724214553833,
                    0.7510993480682373,
                    11.47373104095459
                ],
                [
                    -0.0,
                    0.0,
                    -0.0,
                    1.0
                ]
            ]
        },
        {
            "file_path": "./train/r_59",
            "transform_matrix": [
                [
                    -0.3068360984325409,
                    -0.28265050053596497,
                    -0.9088234305381775,
                    10.945265769958496
                ],
                [
                    -2.2351736461700966e-08,
                    -0.9548848271369934,
                    0.2969759404659271,
                    12.000000953674316
                ],
                [
                    -0.9517623782157898,
                    0.09112294763326645,
                    0.2929931581020355,
                    -3.5286154747009277
                ],
                [
                    0.0,
                    0.0,
                    -0.0,
                    1.0
                ]
            ]
        },
        {
            "file_path": "./train/r_61",
            "transform_matrix": [
                [
                    0.21831411123275757,
                    0.4090249836444855,
                    -0.8860235810279846,
                    -11.22260570526123
                ],
                [
                    -3.72529100900465e-08,
                    0.9079240560531616,
                    0.41913512349128723,
                    12.000000953674316
                ],
                [
                    0.9758786559104919,
                    -0.0915030762553215,
                    0.1982126235961914,
                    2.5106120109558105
                ],
                [
                    -0.0,
                    0.0,
                    -0.0,
                    1.0
                ]
            ]
        },
        {
            "file_path": "./train/r_62",
            "transform_matrix": [
                [
                    -0.7449848055839539,
                    0.0023436821065843105,
                    -0.667077362537384,
                    7.671436309814453
                ],
                [
                    3.492459099696532e-10,
                    -0.9999938011169434,
                    -0.003513337578624487,
                    12.0
                ],
                [
                    -0.6670814752578735,
                    -0.002617383375763893,
                    0.7449802160263062,
                    -8.5673246383667
                ],
                [
                    -0.0,
                    0.0,
                    0.0,
                    1.0
                ]
            ]
        },
        {
            "file_path": "./train/r_63",
            "transform_matrix": [
                [
                    -0.8945755958557129,
                    -0.27081751823425293,
                    -0.35551729798316956,
                    5.13954496383667
                ],
                [
                    1.3411046495548362e-07,
                    -0.7954889535903931,
                    0.6059682965278625,
                    12.000001907348633
                ],
                [
                    -0.4469168782234192,
                    0.5420843362808228,
