{
    "camera_angle_x": 1.623098373413086,
    "frames": [
        {
            "file_path": "./train/r_1",
            "transform_matrix": [
                [
                    -0.959087073802948,
                    0.058707866817712784,
                    0.2769569456577301,
                    8.210222244262695
                ],
                [
                    6.332991375757047e-08,
                    0.9782630205154419,
                    -0.20736685395240784,
                    12.249999046325684
                ],
                [
                    -0.2831108570098877,
                    -0.19888286292552948,
                    -0.938239574432373,
                    -27.81352424621582
                ],
                [
                    -0.0,
                    -0.0,
                    -0.0,
                    1.0
                ]
            ]
        },
        {
            "file_path": "./train/r_2",
            "transform_matrix": [
                [
                    -0.2645120918750763,
                    0.6732958555221558,
                    0.6904390454292297,
                    27.967090606689453
                ],
                [
                    -1.937150670983101e-07,
                    0.7159389853477478,
                    -0.698162853717804,
                    12.25
                ],
                [
                    -0.9643822908401489,
                    -0.18467262387275696,
                    -0.1893743872642517,
                    -7.6708550453186035
                ],
                [
                    -0.0,
                    -0.0,
                    -0.0,
                    1.0
                ]
            ]
        },
        {
            "file_path": "./train/r_3",
            "transform_matrix": [
                [
                    0.9275161027908325,
                    0.23632904887199402,
                    -0.28958964347839355,
                    -10.839705467224121
                ],
                [
                    -1.3411042232291948e-07,
                    0.7747538685798645,
                    0.632262647151947,
                    12.249999046325684
                ],
                [
                    0.37378281354904175,
                    -0.5864338874816895,
                    0.718596875667572,
                    26.897964477539063
                ],
                [
                    -0.0,
                    0.0,
                    -0.0,
                    1.0
                ]
            ]
        },
        {
            "file_path": "./train/r_5",
            "transform_matrix": [
                [
                    0.9983199238777161,
                    0.016279006376862526,
                    0.05560712143778801,
                    1.6802887916564941
                ],
                [
                    -2.7939670577126208e-09,
                    0.9597198367118835,
                    -0.2809583842754364,
                    12.250000953674316
                ],
                [
                    -0.05794098228216171,
                    0.2804863452911377,
                    0.958107590675354,
                    28.951276779174805
                ],
                [
                    -0.0,
                    -0.0,
                    -0.0,
                    1.0
                ]
            ]
        },
        {
            "file_path": "./train/r_6",
            "transform_matrix": [
                [
                    0.20461760461330414,
                    -0.050915732979774475,
                    -0.9775168299674988,
                    -28.38642120361328
                ],
                [
                    1.6763802790364934e-08,
                    0.9986461400985718,
                    -0.05201629549264908,
                    12.25
                ],
                [
                    0.9788419604301453,
                    0.010643431916832924,
                    0.2043406069278717,
                    5.933902263641357
                ],
                [
                    -0.0,
                    0.0,
                    -0.0,
                    1.0
                ]
            ]
        },
        {
            "file_path": "./train/r_7",
            "transform_matrix": [
                [
                    0.4463948607444763,
                    0.2898932993412018,
                    -0.8465774059295654,
                    -25.95024299621582
                ],
                [
                    1.4901159417490817e-08,
                    0.9460698366165161,
                    0.3239624798297882,
                    12.249999046325684
                ],
                [
                    0.8948360085487366,
                    -0.14461520314216614,
                    0.42232072353363037,
                    12.945448875427246
                ],
                [
                    -0.0,
                    0.0,
                    -0.0,
                    1.0
                ]
            ]
        },
        {
            "file_path": "./train/r_9",
            "transform_matrix": [
                [
                    0.33250752091407776,
                    -0.2477770298719406,
                    -0.9099698066711426,
                    -27.34992027282715
                ],
                [
                    1.0430809993522416e-07,
                    0.9648703336715698,
                    -0.26272594928741455,
                    12.25
                ],
                [
                    0.9431005120277405,
                    0.0873582661151886,
                    0.3208266794681549,
                    9.642707824707031
                ],
                [
                    -0.0,
                    0.0,
                    -0.0,
                    1.0
                ]
            ]
        },
        {
            "file_path": "./train/r_10",
            "transform_matrix": [
                [
                    0.7665245532989502,
                    -0.434965044260025,
                    0.47248855233192444,
                    18.624250411987305
                ],
                [
                    6.854533580735733e-07,
                    0.7357177138328552,
                    0.6772882342338562,
                    12.25
                ],
                [
                    -0.6422150135040283,
                    -0.5191577672958374,
                    0.5639459490776062,
                    22.22920036315918
                ],
                [
                    -0.0,
                    0.0,
                    -0.0,
                    1.0
                ]
            ]
        },
        {
            "file_path": "./train/r_11",
            "transform_matrix": [
                [
                    0.9997243881225586,
                    0.011824958957731724,
                    -0.020282449200749397,
                    -0.6808569431304932
                ],
                [
                    -1.0244548320770264e-08,
                    0.8638990521430969,
                    0.5036650896072388,
                    12.250000953674316
                ],
                [
                    0.023477807641029358,
                    -0.5035262107849121,
                    0.8636609315872192,
                    28.992008209228516
                ],
                [
                    -0.0,
                    0.0,
                    -0.0,
                    1.0
                ]
            ]
        },
        {
            "file_path": "./train/r_13",
            "transform_matrix": [
                [
                    -0.9898964166641235,
                    0.0573112852871418,
                    0.12969304621219635,
                    4.111955642700195
                ],
                [
                    -2.9802311729554276e-08,
                    0.9146731495857239,
                    -0.4041938781738281,
                    12.249999046325684
                ],
                [
                    -0.14179164171218872,
                    -0.4001100957393646,
                    -0.9054318070411682,
                    -28.70699691772461
                ],
                [
                    -0.0,
                    -0.0,
                    -0.0,
                    1.0
                ]
            ]
        },
        {
            "file_path": "./train/r_14",
            "transform_matrix": [
                [
                    -0.8227661848068237,
                    -0.38713183999061584,
                    0.41615474224090576,
                    16.483034133911133
                ],
                [
                    -4.917383193969727e-07,
                    0.7321774363517761,
                    0.6811139583587646,
                    12.250001907348633
                ],
                [
                    -0.5683799982070923,
                    0.5603973269462585,
                    -0.6024110317230225,
                    -23.860210418701172
                ],
                [
                    0.0,
                    0.0,
                    -0.0,
                    1.0
                ]
            ]
        },
        {
            "file_path": "./train/r_15",
            "transform_matrix": [
                [
                    0.04448248818516731,
                    0.33985868096351624,
                    -0.9394239187240601,
                    -28.971294403076172
                ],
                [
                    -2.7939672797572257e-09,
                    0.9403547048568726,
                    0.3401954472064972,
                    12.25
                ],
                [
                    0.9990101456642151,
                    -0.01513273548334837,
                    0.041829317808151245,
                    1.2899919748306274
                ],
                [
                    -0.0,
                    0.0,
                    -0.0,
                    1.0
                ]
            ]
        },
        {
            "file_path": "./train/r_17",
            "transform_matrix": [
                [
                    0.047589629888534546,
                    -0.08495333045721054,
                    -0.9952477216720581,
                    -28.967140197753906
                ],
                [
                    3.259628122975755e-09,
                    0.9963765740394592,
                    -0.08504970371723175,
                    12.25
                ],
                [
                    0.9988669157028198,
                    0.0040474808774888515,
                    0.047417204827070236,
                    1.3800982236862183
                ],
                [
                    -0.0,
                    0.0,
                    -0.0,
                    1.0
                ]
            ]
        },
        {
            "file_path": "./train/r_18",
            "transform_matrix": [
                [
                    -0.8822600841522217,
                    -0.24889187514781952,
                    -0.39958736300468445,
                    -13.652111053466797
                ],
                [
                    -4.470348358154297e-08,
                    0.8488091230392456,
                    -0.528699517250061,
                    12.250000953674316
                ],
                [
                    0.47076237201690674,
                    -0.46645045280456543,
                    -0.7488704323768616,
                    -25.585542678833008
                ],
                [
                    -0.0,
                    0.0,
                    0.0,
                    1.0
                ]
            ]
        },
        {
            "file_path": "./train/r_19",
            "transform_matrix": [
                [
                    -0.9999977946281433,
                    0.00046090586693026125,
                    0.002004295587539673,
                    0.05964166298508644
                ],
                [
                    1.74622927229251e-10,
                    0.974563717842102,
                    -0.2241096943616867,
                    12.249998092651367
                ],
                [
                    -0.0020566077437251806,
                    -0.22410918772220612,
                    -0.9745617508888245,
                    -28.99993896484375
                ],
                [
                    -0.0,
                    -0.0,
                    -0.0,
                    1.0
                ]
            ]
        },
        {
            "file_path": "./train/r_21",
            "transform_matrix": [
                [
                    -0.401552677154541,
                    0.2031409740447998,
                    0.8930224180221558,
                    26.55924415588379
                ],
                [
                    -7.450578820566989e-09,
                    0.9750899076461792,
                    -0.22180937230587006,
                    12.25
                ],
                [
                    -0.9158358573913574,
                    -0.08906815201044083,
                    -0.3915500342845917,
                    -11.64503002166748
                ],
                [
                    -0.0,
                    -0.0,
                    -0.0,
                    1.0
                ]
            ]
        },
        {
            "file_path": "./train/r_22",
            "transform_matrix": [
                [
                    0.12304509431123734,
                    -0.4528520107269287,
                    0.883054256439209,
                    28.779630661010742
                ],
                [
                    -3.352760913344355e-08,
                    0.8898158669471741,
                    0.45631957054138184,
                    12.25
                ],
                [
                    -0.9924010038375854,
                    -0.05614791437983513,
                    0.10948746651411057,
                    3.5683095455169678
                ],
                [
                    -0.0,
                    0.0,
                    -0.0,
                    1.0
                ]
            ]
        },
        {
            "file_path": "./train/r_23",
            "transform_matrix": [
                [
                    -0.3710674047470093,
                    -0.20777371525764465,
                    0.9050630331039429,
                    26.929567337036133
                ],
                [
                    1.0430811414607888e-07,
                    0.9746469855308533,
                    0.22374805808067322,
                    12.250000953674316
                ],
                [
                    -0.9286059141159058,
                    0.08302570879459381,
                    -0.3616597354412079,
                    -10.760969161987305
                ],
                [
                    0.0,
                    0.0,
                    -0.0,
                    1.0
                ]
            ]
        },
        {
            "file_path": "./train/r_25",
            "transform_matrix": [
                [
                    0.5478143692016602,
                    -0.4704870283603668,
                    -0.6917667984962463,
                    -24.261402130126953
                ],
                [
                    2.0861622829215776e-07,
                    0.8268789052963257,
                    -0.5623798966407776,
                    12.250001907348633
                ],
                [
                    0.8365998268127441,
                    0.30807963013648987,
                    0.4529762268066406,
                    15.886610984802246
                ],
                [
                    -0.0,
                    0.0,
                    -0.0,
                    1.0
                ]
            ]
        },
        {
            "file_path": "./train/r_26",
            "transform_matrix": [
                [
                    0.9677062630653381,
                    -0.03815746679902077,
                    -0.2491757720708847,
                    -7.310347557067871
                ],
                [
                    6.332992086299782e-08,
                    0.9884770512580872,
                    -0.15136992931365967,
                    12.249999046325684
                ],
                [
                    0.252080500125885,
                    0.14648160338401794,
                    0.9565554261207581,
                    28.063478469848633
                ],
                [
                    -0.0,
                    0.0,
                    -0.0,
                    1.0
                ]
            ]
        },
        {
            "file_path": "./train/r_27",
            "transform_matrix": [
                [
                    -0.3830326199531555,
                    -0.5680962800979614,
                    0.7283903360366821,
                    26.788305282592773
                ],
                [
                    4.470347647611561e-08,
                    0.7885274887084961,
                    0.6149993538856506,
                    12.249998092651367
                ],
                [
                    -0.9237347841262817,
                    0.23556485772132874,
                    -0.3020317554473877,
                    -11.107951164245605
                ],
                [
                    0.0,
                    0.0,
                    -0.0,
                    1.0
                ]
            ]
        },
        {
            "file_path": "./train/r_29",
            "transform_matrix": [
                [
                    -0.3231460750102997,
                    0.5777764320373535,
                    -0.7495004534721375,
                    -27.444129943847656
                ],
                [
                    1.7881389169360773e-07,
                    0.7919915318489075,
                    0.6105319857597351,
                    12.250000953674316
                ],
                [
                    0.946349024772644,
                    0.19729088246822357,
                    -0.25592905282974243,
                    -9.371232032775879
                ],
                [
                    -0.0,
                    0.0,
                    0.0,
                    1.0
                ]
            ]
        },
        {
            "file_path": "./train/r_30",
            "transform_matrix": [
                [
                    -0.9680531024932861,
                    0.13604161143302917,
                    -0.21063147485256195,
                    -7.271595478057861
                ],
                [
                    -8.195635814445268e-08,
                    0.8400230407714844,
                    0.5425503253936768,
                    12.249998092651367
                ],
                [
                    0.2507447600364685,
                    0.525217592716217,
                    -0.8131870627403259,
                    -28.073543548583984
                ],
                [
                    -0.0,
                    -0.0,
                    -0.0,
                    1.0
                ]
            ]
        },
        {
            "file_path": "./train/r_31",
            "transform_matrix": [
                [
                    -0.8396055698394775,
                    0.18583901226520538,
                    -0.5104178786277771,
                    -15.752700805664063
                ],
                [
                    1.4901161193847656e-08,
                    0.9396559000015259,
                    0.34212106466293335,
                    12.25
                ],
                [
                    0.5431966185569763,
                    0.2872467637062073,
                    -0.7889402508735657,
                    -24.348560333251953
                ],
                [
                    -0.0,
                    0.0,
                    0.0,
                    1.0
                ]
            ]
        },
        {
            "file_path": "./train/r_33",
            "transform_matrix": [
                [
                    0.25415506958961487,
                    -0.026417279615998268,
                    0.9668026566505432,
                    28.047739028930664
                ],
                [
                    -5.587934559514451e-09,
                    0.999626874923706,
                    0.027314187958836555,
                    12.250000953674316
                ],
                [
                    -0.9671634435653687,
                    -0.006942044943571091,
                    0.254060298204422,
                    7.370503902435303
                ],
                [
                    -0.0,
                    0.0,
                    -0.0,
                    1.0
                ]
            ]
        },
        {
            "file_path": "./train/r_34",
            "transform_matrix": [
                [
                    0.5088405609130859,
                    0.29619669914245605,
                    0.8082999587059021,
                    24.9649658203125
                ],
                [
                    4.470348358154297e-08,
                    0.9389438629150391,
                    -0.3440703749656677,
                    12.249998092651367
                ],
                [
                    -0.8608608245849609,
                    0.17507700622081757,
                    0.47777265310287476,
                    14.756377220153809
                ],
                [
                    -0.0,
                    -0.0,
                    -0.0,
                    1.0
                ]
            ]
        },
        {
            "file_path": "./train/r_35",
            "transform_matrix": [
                [
                    -0.7241130471229553,
                    0.36743423342704773,
                    0.5836542844772339,
                    20.000757217407227
                ],
                [
                    4.470347292340193e-08,
                    0.8462666273117065,
                    -0.5327594876289368,
                    12.249999046325684
                ],
                [
                    -0.6896812319755554,
                    -0.3857780694961548,
                    -0.6127927899360657,
                    -20.999279022216797
                ],
                [
                    -0.0,
                    -0.0,
                    -0.0,
                    1.0
                ]
            ]
        },
        {
            "file_path": "./train/r_37",
            "transform_matrix": [
                [
                    0.9833813905715942,
                    0.07315251231193542,
                    0.16616158187389374,
                    5.264987468719482
                ],
                [
                    1.1920927533992653e-07,
                    0.9152305722236633,
                    -0.402930349111557,
                    12.249999046325684
                ],
                [
                    -0.18155154585838318,
                    0.3962342143058777,
                    0.9000208377838135,
                    28.518064498901367
                ],
                [
                    -0.0,
                    -0.0,
                    -0.0,
                    1.0
                ]
            ]
        },
        {
            "file_path": "./train/r_38",
            "transform_matrix": [
                [
                    -0.659990668296814,
                    -0.045185621827840805,
                    -0.7499136924743652,
                    -21.786941528320313
                ],
                [
                    -1.1175869119028903e-08,
                    0.9981895685195923,
                    -0.06014533340930939,
                    12.249999046325684
                ],
                [
                    0.7512738108634949,
                    -0.03969535231590271,
                    -0.6587958335876465,
                    -19.139728546142578
                ],
                [
                    -0.0,
                    0.0,
                    0.0,
                    1.0
                ]
            ]
        },
        {
            "file_path": "./train/r_39",
            "transform_matrix": [
                [
                    0.3191561996936798,
                    -0.5358640551567078,
                    0.7816578149795532,
                    27.483360290527344
                ],
                [
                    1.4901159772762185e-07,
                    0.8247926831245422,
                    0.5654351115226746,
                    12.249998092651367
                ],
                [
                    -0.9477019906044006,
                    -0.1804620325565338,
                    0.2632378041744232,
                    9.255524635314941
                ],
                [
                    -0.0,
                    0.0,
                    -0.0,
                    1.0
                ]
            ]
        },
        {
            "file_path": "./train/r_41",
            "transform_matrix": [
                [
                    0.866915225982666,
                    -0.2719702124595642,
                    0.41772007942199707,
                    14.455208778381348
                ],
                [
                    -5.960463766996327e-08,
                    0.8380287289619446,
                    0.5456259846687317,
                    12.249999046325684
                ],
                [
                    -0.4984554648399353,
                    -0.4730115234851837,
                    0.7265000343322754,
                    25.14054298400879
                ],
                [
                    -0.0,
                    0.0,
                    -0.0,
                    1.0
                ]
            ]
        },
        {
            "file_path": "./train/r_42",
            "transform_matrix": [
                [
                    -0.9395701885223389,
                    -0.22149254381656647,
                    0.261053204536438,
                    9.928327560424805
                ],
                [
                    1.4901161193847656e-08,
                    0.7625194191932678,
                    0.6469653248786926,
                    12.250000953674316
                ],
                [
                    -0.3423561453819275,
                    0.6078693866729736,
                    -0.7164406180381775,
                    -27.247539520263672
                ],
                [
                    0.0,
                    0.0,
                    -0.0,
                    1.0
                ]
            ]
        },
        {
            "file_path": "./train/r_43",
            "transform_matrix": [
                [
                    0.9668613076210022,
                    0.02540002018213272,
                    0.2540353834629059,
                    7.403756141662598
                ],
                [
                    1.1175870895385742e-08,
                    0.9950385689735413,
                    -0.09949013590812683,
                    12.250000953674316
                ],
                [
                    -0.2553020417690277,
                    0.09619315713644028,
                    0.9620643854141235,
                    28.03898048400879
                ],
                [
                    -0.0,
                    -0.0,
                    -0.0,
                    1.0
                ]
            ]
        },
        {
            "file_path": "./train/r_45",
            "transform_matrix": [
                [
                    -0.32167717814445496,
                    0.4992618262767792,
                    0.8045254945755005,
                    27.458635330200195
                ],
                [
                    1.1920926112907182e-07,
                    0.8496868014335632,
                    -0.527287483215332,
                    12.249999046325684
                ],
                [
                    -0.9468492269515991,
                    -0.16961626708507538,
                    -0.27332499623298645,
                    -9.328634262084961
                ],
                [
                    -0.0,
                    -0.0,
                    -0.0,
                    1.0
                ]
            ]
        },
        {
            "file_path": "./train/r_46",
            "transform_matrix": [
                [
                    0.875596284866333,
                    -0.25931787490844727,
                    -0.4075356423854828,
                    -14.008264541625977
                ],
                [
                    7.450579886381092e-08,
                    0.8436830043792725,
                    -0.5368415713310242,
                    12.249998092651367
                ],
                [
                    0.48304349184036255,
                    0.470056414604187,
                    0.7387258410453796,
                    25.392292022705078
                ],
                [
                    -0.0,
                    0.0,
                    -0.0,
                    1.0
                ]
            ]
        },
        {
            "file_path": "./train/r_47",
            "transform_matrix": [
                [
                    -0.6408175230026245,
                    -0.5321199297904968,
                    -0.5533544421195984,
                    -22.263111114501953
                ],
                [
                    -5.215405280978302e-07,
                    0.7208017706871033,
                    -0.6931411623954773,
                    12.250000953674316
                ],
                [
                    0.7676931023597717,
                    -0.44417670369148254,
                    -0.46190279722213745,
                    -18.583698272705078
                ],
                [
                    -0.0,
                    0.0,
                    0.0,
                    1.0
                ]
            ]
        },
        {
            "file_path": "./train/r_49",
            "transform_matrix": [
                [
                    -0.16939371824264526,
                    -0.2785777151584625,
                    0.9453571438789368,
                    28.580904006958008
                ],
                [
                    3.7252898543727042e-09,
                    0.9592193365097046,
                    0.28266263008117676,
                    12.25
                ],
                [
                    -0.9855484962463379,
                    0.04788127541542053,
                    -0.162485733628273,
                    -4.912418842315674
                ],
                [
                    0.0,
                    0.0,
                    -0.0,
                    1.0
                ]
            ]
        },
        {
            "file_path": "./train/r_50",
            "transform_matrix": [
                [
                    -0.10825922340154648,
                    0.4643488824367523,
                    -0.8790107369422913,
                    -28.82955551147461
                ],
                [
                    -7.823107495141812e-08,
                    0.8842074275016785,
                    0.46709418296813965,
                    12.249999046325684
                ],
                [
                    0.9941226243972778,
                    0.05056731775403023,
                    -0.09572358429431915,
                    -3.139521598815918
                ],
                [
                    -0.0,
                    -0.0,
                    -0.0,
                    1.0
                ]
            ]
        },
        {
            "file_path": "./train/r_51",
            "transform_matrix": [
                [
                    -0.9538198709487915,
                    0.0346221923828125,
                    0.2983766794204712,
                    8.710977554321289
                ],
                [
                    -2.2351736461700966e-08,
                    0.9933350086212158,
                    -0.11526189744472504,
                    12.25
                ],
                [
                    -0.3003786504268646,
                    -0.1099390983581543,
                    -0.9474629163742065,
                    -27.660785675048828
                ],
                [
                    -0.0,
                    -0.0,
                    -0.0,
                    1.0
                ]
            ]
        },
        {
            "file_path": "./train/r_53",
            "transform_matrix": [
                [
                    -0.5222185254096985,
                    0.15120550990104675,
                    0.839300274848938,
                    24.731536865234375
                ],
                [
                    -7.450581307466564e-08,
                    0.9841565489768982,
                    -0.17730237543582916,
                    12.250003814697266
                ],
                [
                    -0.852811872959137,
                    -0.09259063750505447,
                    -0.5139447450637817,
                    -15.144350051879883
                ],
                [
                    -0.0,
                    -0.0,
                    -0.0,
                    1.0
                ]
            ]
        },
        {
            "file_path": "./train/r_54",
            "transform_matrix": [
                [
                    0.9893788695335388,
                    0.08297586441040039,
                    0.1193494126200676,
                    4.215413570404053
                ],
                [
                    4.470347647611561e-08,
                    0.8210655450820923,
                    -0.5708338022232056,
                    12.249999046325684
                ],
                [
                    -0.1453591138124466,
                    0.5647709369659424,
                    0.812345027923584,
                    28.691987991333008
                ],
                [
                    -0.0,
                    -0.0,
                    -0.0,
                    1.0
                ]
            ]
        },
        {
            "file_path": "./train/r_55",
            "transform_matrix": [
                [
                    -0.3133607804775238,
                    -0.538195788860321,
                    -0.7824002504348755,
                    -27.539386749267578
                ],
                [
                    7.450579886381092e-08,
                    0.8238964676856995,
                    -0.5667402148246765,
                    12.25
                ],
                [
                    0.9496340751647949,
                    -0.17759422957897186,
                    -0.2581768333911896,
                    -9.087468147277832
                ],
                [
                    -0.0,
                    0.0,
                    -0.0,
                    1.0
                ]
            ]
        },
        {
            "file_path": "./train/r_57",
            "transform_matrix": [
                [
                    0.5254247784614563,
                    0.1822427660226822,
                    0.8310933709144592,
                    24.674362182617188
                ],
                [
                    -5.21540464148984e-08,
                    0.976791501045227,
                    -0.21419157087802887,
                    12.24999713897705
                ],
                [
                    -0.8508399128913879,
                    0.11254152655601501,
                    0.5132306218147278,
                    15.237314224243164
                ],
                [
                    -0.0,
                    -0.0,
                    -0.0,
                    1.0
                ]
            ]
        },
        {
            "file_path": "./train/r_58",
            "transform_matrix": [
                [
                    0.9234790802001953,
                    -0.11039399355649948,
                    -0.36742281913757324,
                    -11.12583065032959
                ],
                [
                    1.4156101713069802e-07,
                    0.9577063322067261,
                    -0.28774720430374146,
                    12.249999046325684
                ],
                [
                    0.3836487829685211,
                    0.2657284736633301,
                    0.8844217658042908,
                    26.7808837890625
                ],
                [
                    -0.0,
                    0.0,
                    -0.0,
                    1.0
                ]
            ]
        },
        {
            "file_path": "./train/r_59",
            "transform_matrix": [
                [
                    0.6211199760437012,
                    -0.03327319025993347,
                    -0.7830089330673218,
                    -22.727752685546875
                ],
                [
                    9.313226634333205e-09,
                    0.9990984201431274,
                    -0.04245569184422493,
                    12.250000953674316
                ],
                [
                    0.7837156057357788,
                    0.02637007087469101,
                    0.6205599904060364,
                    18.012474060058594
                ],
                [
                    -0.0,
                    0.0,
                    -0.0,
                    1.0
                ]
            ]
        },
        {
            "file_path": "./train/r_61",
            "transform_matrix": [
                [
                    -0.8902424573898315,
                    0.32047632336616516,
                    -0.3236714005470276,
                    -13.209105491638184
                ],
                [
                    -4.917382625535538e-07,
                    0.710604727268219,
                    0.7035915851593018,
                    12.249999046325684
                ],
                [
                    0.4554867744445801,
                    0.6263672113418579,
                    -0.6326104402542114,
                    -25.81703758239746
                ],
                [
                    -0.0,
                    -0.0,
                    -0.0,
                    1.0
                ]
            ]
        },
        {
            "file_path": "./train/r_62",
            "transform_matrix": [
                [
                    0.5427928566932678,
                    -0.5551167726516724,
                    0.6302548050880432,
                    24.35612678527832
                ],
                [
                    -1.6391273049976007e-07,
                    0.7504224181175232,
                    0.6609583497047424,
                    12.25
                ],
                [
                    -0.839866578578949,
                    -0.35876357555389404,
                    0.4073239266872406,
                    15.740996360778809
                ],
                [
                    -0.0,
                    0.0,
                    -0.0,
                    1.0
                ]
            ]
        },
        {
            "file_path": "./train/r_63",
            "transform_matrix": [
                [
                    0.7045928239822388,
                    -0.3888801634311676,
                    0.5935664772987366,
                    20.578752517700195
                ],
                [
                    2.0861622829215776e-07,
                    0.8364664316177368,
