{
    "camera_angle_x": 1.623098373413086,
    "frames": [
        {
            "file_path": "./train/r_1",
            "transform_matrix": [
                [
                    0.7145659327507019,
                    0.21872349083423615,
                    -0.6644965410232544,
                    -4.89697790145874
                ],
                [
                    -7.450579886381092e-08,
                    0.9498667120933533,
                    0.3126550018787384,
                    2.999999761581421
                ],
                [
                    0.6995680928230286,
                    -0.22341254353523254,
                    0.6787424087524414,
                    5.001960754394531
                ],
                [
                    -0.0,
                    0.0,
                    -0.0,
                    1.0
                ]
            ]
        },
        {
            "file_path": "./train/r_2",
            "transform_matrix": [
                [
                    0.6497315764427185,
                    0.30934569239616394,
                    0.6943732500076294,
                    5.321146011352539
                ],
                [
                    2.9802318834981634e-08,
                    0.9134520888328552,
                    -0.40694621205329895,
                    3.0
                ],
                [
                    -0.7601636648178101,
                    0.2644058167934418,
                    0.5934987664222717,
                    4.548122406005859
                ],
                [
                    -0.0,
                    -0.0,
                    -0.0,
                    1.0
                ]
            ]
        },
        {
            "file_path": "./train/r_3",
            "transform_matrix": [
                [
                    0.8306805491447449,
                    -0.3399212062358856,
                    0.4409344494342804,
                    3.897243022918701
                ],
                [
                    -8.940693874137651e-08,
                    0.7919802069664001,
                    0.6105465292930603,
                    3.0
                ],
                [
                    -0.556749165058136,
                    -0.5071691870689392,
                    0.6578826308250427,
                    5.814765453338623
                ],
                [
                    -0.0,
                    0.0,
                    -0.0,
                    1.0
                ]
            ]
        },
        {
            "file_path": "./train/r_5",
            "transform_matrix": [
                [
                    -0.3103998005390167,
                    -0.5540130734443665,
                    -0.7724775075912476,
                    -6.654242515563965
                ],
                [
                    4.470348358154297e-08,
                    0.8126157522201538,
                    -0.5827998518943787,
                    3.0
                ],
                [
                    0.950606107711792,
                    -0.18090097606182098,
                    -0.2522357106208801,
                    -2.1727988719940186
                ],
                [
                    -0.0,
                    0.0,
                    -0.0,
                    1.0
                ]
            ]
        },
        {
            "file_path": "./train/r_6",
            "transform_matrix": [
                [
                    -0.6905580759048462,
                    -0.22824709117412567,
                    -0.6863182187080383,
                    -5.062936782836914
                ],
                [
                    1.4901161193847656e-08,
                    0.9489010572433472,
                    -0.31557363271713257,
                    3.0
                ],
                [
                    0.7232768535614014,
                    -0.2179219275712967,
                    -0.6552713513374329,
                    -4.833906650543213
                ],
                [
                    -0.0,
                    0.0,
                    -0.0,
                    1.0
                ]
            ]
        },
        {
            "file_path": "./train/r_7",
            "transform_matrix": [
                [
                    -0.7997192740440369,
                    0.1086394339799881,
                    0.5904628038406372,
                    4.202617645263672
                ],
                [
                    -7.450578820566989e-09,
                    0.9834915995597839,
                    -0.1809529811143875,
                    2.999999761581421
                ],
                [
                    -0.6003738641738892,
                    -0.14471159875392914,
                    -0.7865174412727356,
                    -5.5980353355407715
                ],
                [
                    -0.0,
                    -0.0,
                    -0.0,
                    1.0
                ]
            ]
        },
        {
            "file_path": "./train/r_9",
            "transform_matrix": [
                [
                    0.2833760678768158,
                    0.48434892296791077,
                    -0.8277100920677185,
                    -6.713061809539795
                ],
                [
                    -1.4901159417490817e-08,
                    0.8630890846252441,
                    0.5050515532493591,
                    3.0
                ],
                [
                    0.9590088129043579,
                    -0.14311952888965607,
                    0.24457883834838867,
                    1.9836324453353882
                ],
                [
                    -0.0,
                    0.0,
                    -0.0,
                    1.0
                ]
            ]
        },
        {
            "file_path": "./train/r_10",
            "transform_matrix": [
                [
                    0.6813408136367798,
                    -0.38437408208847046,
                    -0.6229215860366821,
                    -5.1237640380859375
                ],
                [
                    -7.450580596923828e-08,
                    0.851024866104126,
                    -0.5251253843307495,
                    3.0
                ],
                [
                    0.7319663166999817,
                    0.35778939723968506,
                    0.5798379182815552,
                    4.769386291503906
                ],
                [
                    -0.0,
                    0.0,
                    -0.0,
                    1.0
                ]
            ]
        },
        {
            "file_path": "./train/r_11",
            "transform_matrix": [
                [
                    -0.4587699770927429,
                    0.030583860352635384,
                    0.8880285620689392,
                    6.21988582611084
                ],
                [
                    9.313224635931761e-10,
                    0.9994074106216431,
                    -0.034419771283864975,
                    3.0
                ],
                [
                    -0.8885549306869507,
                    -0.015790758654475212,
                    -0.4584982097148895,
                    -3.211390495300293
                ],
                [
                    -0.0,
                    -0.0,
                    -0.0,
                    1.0
                ]
            ]
        },
        {
            "file_path": "./train/r_13",
            "transform_matrix": [
                [
                    -0.13076332211494446,
                    -0.3801184594631195,
                    -0.9156476855278015,
                    -6.939895153045654
                ],
                [
                    -0.0,
                    0.9235779047012329,
                    -0.3834105432033539,
                    2.999999761581421
                ],
                [
                    0.9914135932922363,
                    -0.05013604462146759,
                    -0.12077011913061142,
                    -0.9153433442115784
                ],
                [
                    -0.0,
                    0.0,
                    -0.0,
                    1.0
                ]
            ]
        },
        {
            "file_path": "./train/r_14",
            "transform_matrix": [
                [
                    -0.39511436223983765,
                    0.4196513891220093,
                    -0.817176342010498,
                    -6.430423259735107
                ],
                [
                    -2.9802315282267955e-08,
                    0.8895578980445862,
                    0.45682212710380554,
                    3.0
                ],
                [
                    0.9186318516731262,
                    0.18049702048301697,
                    -0.35147714614868164,
                    -2.765800714492798
                ],
                [
                    -0.0,
                    -0.0,
                    -0.0,
                    1.0
                ]
            ]
        },
        {
            "file_path": "./train/r_15",
            "transform_matrix": [
                [
                    -0.2096017450094223,
                    -0.2409753054380417,
                    0.9476276636123657,
                    6.844508171081543
                ],
                [
                    3.725290742551124e-09,
                    0.9691556692123413,
                    0.24644972383975983,
                    3.000000476837158
                ],
                [
                    -0.9777868986129761,
                    0.051656294614076614,
                    -0.20313671231269836,
                    -1.467212200164795
                ],
                [
                    0.0,
                    0.0,
                    -0.0,
                    1.0
                ]
            ]
        },
        {
            "file_path": "./train/r_17",
            "transform_matrix": [
                [
                    0.5781254768371582,
                    -0.12730063498020172,
                    -0.8059563636779785,
                    -5.711635112762451
                ],
                [
                    -0.0,
                    0.9877547025680542,
                    -0.15601564943790436,
                    3.0000007152557373
                ],
                [
                    0.815947949886322,
                    0.09019661694765091,
                    0.5710461735725403,
                    4.046878337860107
                ],
                [
                    -0.0,
                    0.0,
                    -0.0,
                    1.0
                ]
            ]
        },
        {
            "file_path": "./train/r_18",
            "transform_matrix": [
                [
                    0.16096028685569763,
                    0.36855676770210266,
                    0.9155640602111816,
                    6.908726692199707
                ],
                [
                    -0.0,
                    0.9276598691940308,
                    -0.3734259605407715,
                    3.000000238418579
                ],
                [
                    -0.9869608879089355,
                    0.06010675057768822,
                    0.1493164300918579,
                    1.1267223358154297
                ],
                [
                    -0.0,
                    -0.0,
                    -0.0,
                    1.0
                ]
            ]
        },
        {
            "file_path": "./train/r_19",
            "transform_matrix": [
                [
                    0.3733397424221039,
                    -0.46482568979263306,
                    -0.8028414845466614,
                    -6.493863105773926
                ],
                [
                    2.9802315282267955e-08,
                    0.8654155731201172,
                    -0.5010546445846558,
                    3.0
                ],
                [
                    0.9276946783065796,
                    0.1870635747909546,
                    0.32309406995773315,
                    2.613377571105957
                ],
                [
                    -0.0,
                    0.0,
                    -0.0,
                    1.0
                ]
            ]
        },
        {
            "file_path": "./train/r_21",
            "transform_matrix": [
                [
                    0.8014039397239685,
                    -0.36186596751213074,
                    0.4762400686740875,
                    4.186863422393799
                ],
                [
                    -1.3411042232291948e-07,
                    0.7962235808372498,
                    0.6050023436546326,
                    3.000000238418579
                ],
                [
                    -0.5981234312057495,
                    -0.48485130071640015,
                    0.6380966901779175,
                    5.609828472137451
                ],
                [
                    -0.0,
                    0.0,
                    -0.0,
                    1.0
                ]
            ]
        },
        {
            "file_path": "./train/r_22",
            "transform_matrix": [
                [
                    0.6480700969696045,
                    0.24515394866466522,
                    -0.7210440635681152,
                    -5.331063270568848
                ],
                [
                    -0.0,
                    0.9467729926109314,
                    0.3219015300273895,
                    2.999999761581421
                ],
                [
                    0.7615805268287659,
                    -0.208614781498909,
                    0.6135753989219666,
                    4.536491394042969
                ],
                [
                    -0.0,
                    0.0,
                    -0.0,
                    1.0
                ]
            ]
        },
        {
            "file_path": "./train/r_23",
            "transform_matrix": [
                [
                    -0.13709872961044312,
                    -0.25159233808517456,
                    -0.9580736756324768,
                    -6.933901786804199
                ],
                [
                    -1.4901159417490817e-08,
                    0.967206597328186,
                    -0.25399067997932434,
                    3.0
                ],
                [
                    0.9905573725700378,
                    -0.03482178971171379,
                    -0.13260281085968018,
                    -0.9596908688545227
                ],
                [
                    -0.0,
                    0.0,
                    0.0,
                    1.0
                ]
            ]
        },
        {
            "file_path": "./train/r_25",
            "transform_matrix": [
                [
                    -0.01292556431144476,
                    -0.6925011873245239,
                    0.7213009595870972,
                    6.999414443969727
                ],
                [
                    5.122273716295922e-09,
                    0.7213611602783203,
                    0.6925590634346008,
                    2.999999761581421
                ],
                [
                    -0.9999164342880249,
                    0.008951720781624317,
                    -0.009323999285697937,
                    -0.09047897905111313
                ],
                [
                    0.0,
                    0.0,
                    -0.0,
                    1.0
                ]
            ]
        },
        {
            "file_path": "./train/r_26",
            "transform_matrix": [
                [
                    -0.8688722252845764,
                    0.3016071617603302,
                    0.39254817366600037,
                    3.465254306793213
                ],
                [
                    -1.4901157641133977e-08,
                    0.7929683327674866,
                    -0.6092628240585327,
                    3.0
                ],
                [
                    -0.495036244392395,
                    -0.5293715000152588,
                    -0.6889882683753967,
                    -6.082106113433838
                ],
                [
                    -0.0,
                    -0.0,
                    -0.0,
                    1.0
                ]
            ]
        },
        {
            "file_path": "./train/r_27",
            "transform_matrix": [
                [
                    -0.7956538200378418,
                    -0.29190680384635925,
                    -0.5307779908180237,
                    -4.240261077880859
                ],
                [
                    2.9802322387695313e-08,
                    0.8762305974960327,
                    -0.4818919897079468,
                    3.0
                ],
                [
                    0.6057515144348145,
                    -0.3834192454814911,
                    -0.6971762776374817,
                    -5.569577217102051
                ],
                [
                    -0.0,
                    0.0,
                    -0.0,
                    1.0
                ]
            ]
        },
        {
            "file_path": "./train/r_29",
            "transform_matrix": [
                [
                    -0.7538356781005859,
                    -0.14877070486545563,
                    -0.6399991512298584,
                    -4.599440097808838
                ],
                [
                    5.960463056453591e-08,
                    0.9740301370620728,
                    -0.22641777992248535,
                    2.999999761581421
                ],
                [
                    0.6570630073547363,
                    -0.17068183422088623,
                    -0.7342586517333984,
                    -5.27685022354126
                ],
                [
                    -0.0,
                    0.0,
                    -0.0,
                    1.0
                ]
            ]
        },
        {
            "file_path": "./train/r_30",
            "transform_matrix": [
                [
                    0.6212202310562134,
                    -0.4270171821117401,
                    -0.6570706367492676,
                    -5.485452651977539
                ],
                [
                    -5.960464477539063e-08,
                    0.8384895324707031,
                    -0.5449178218841553,
                    3.0000007152557373
                ],
                [
                    0.7836360335350037,
                    0.3385140001773834,
                    0.5208867192268372,
                    4.3485426902771
                ],
                [
                    -0.0,
                    0.0,
                    -0.0,
                    1.0
                ]
            ]
        },
        {
            "file_path": "./train/r_31",
            "transform_matrix": [
                [
                    0.014373676851391792,
                    0.1063356101512909,
                    -0.9942263960838318,
                    -6.999277114868164
                ],
                [
                    -4.6566123179658803e-10,
                    0.9943290948867798,
                    0.10634659975767136,
                    3.000000238418579
                ],
                [
                    0.9998967051506042,
                    -0.001528591150417924,
                    0.014292164705693722,
                    0.1006157249212265
                ],
                [
                    -0.0,
                    0.0,
                    -0.0,
                    1.0
                ]
            ]
        },
        {
            "file_path": "./train/r_33",
            "transform_matrix": [
                [
                    -0.10139492899179459,
                    -0.6267077922821045,
                    0.7726296782493591,
                    6.963923454284668
                ],
                [
                    2.2351745343485163e-08,
                    0.7766322493553162,
                    0.6299543976783752,
                    3.0000007152557373
                ],
                [
                    -0.9948463439941406,
                    0.06387419253587723,
                    -0.07874653488397598,
                    -0.7097644805908203
                ],
                [
                    0.0,
                    0.0,
                    -0.0,
                    1.0
                ]
            ]
        },
        {
            "file_path": "./train/r_34",
            "transform_matrix": [
                [
                    -0.764178991317749,
                    -0.011054085567593575,
                    -0.6449093818664551,
                    -4.5150299072265625
                ],
                [
                    -9.313223525708736e-10,
                    0.9998530149459839,
                    -0.017138008028268814,
                    3.000000238418579
                ],
                [
                    0.6450040340423584,
                    -0.013096503913402557,
                    -0.7640668749809265,
                    -5.349252700805664
                ],
                [
                    -0.0,
                    0.0,
                    0.0,
                    1.0
                ]
            ]
        },
        {
            "file_path": "./train/r_35",
            "transform_matrix": [
                [
                    0.46895918250083923,
                    -0.020551376044750214,
                    0.8829807043075562,
                    6.182539463043213
                ],
                [
                    -0.0,
                    0.9997292757034302,
                    0.023268699645996094,
                    3.0
                ],
                [
                    -0.8832198977470398,
                    -0.010912069119513035,
                    0.46883219480514526,
                    3.282714605331421
                ],
                [
                    -0.0,
                    0.0,
                    -0.0,
                    1.0
                ]
            ]
        },
        {
            "file_path": "./train/r_37",
            "transform_matrix": [
                [
                    -0.43597185611724854,
                    0.628054141998291,
                    -0.6445748209953308,
                    -6.299723148345947
                ],
                [
                    -0.0,
                    0.716225802898407,
                    0.6978687047958374,
                    3.0000009536743164
                ],
                [
                    0.8999603390693665,
                    0.304251104593277,
                    -0.31225430965423584,
                    -3.0518033504486084
                ],
                [
                    -0.0,
                    0.0,
                    0.0,
                    1.0
                ]
            ]
        },
        {
            "file_path": "./train/r_38",
            "transform_matrix": [
                [
                    -0.030000299215316772,
                    0.40159061551094055,
                    0.915327787399292,
                    6.9968485832214355
                ],
                [
                    -9.313225746154785e-10,
                    0.9157399535179138,
                    -0.4017714560031891,
                    3.0
                ],
                [
                    -0.9995498657226563,
                    -0.012053265236318111,
                    -0.027472473680973053,
                    -0.2100020945072174
                ],
                [
                    -0.0,
                    -0.0,
                    -0.0,
                    1.0
                ]
            ]
        },
        {
            "file_path": "./train/r_39",
            "transform_matrix": [
                [
                    -0.7324286103248596,
                    -0.1704312413930893,
                    0.6591672897338867,
                    4.7659077644348145
                ],
                [
                    -4.470347647611561e-08,
                    0.9681621789932251,
                    0.25032350420951843,
                    3.0
                ],
                [
                    -0.6808438301086426,
                    0.18334408104419708,
                    -0.7091097831726074,
                    -5.126999855041504
                ],
                [
                    0.0,
                    0.0,
                    -0.0,
                    1.0
                ]
            ]
        },
        {
            "file_path": "./train/r_41",
            "transform_matrix": [
                [
                    -0.5939580202102661,
                    0.4111464023590088,
                    -0.6915001273155212,
                    -5.631471633911133
                ],
                [
                    -8.940695295223122e-08,
                    0.8595443964004517,
                    0.511060893535614,
                    3.0
                ],
                [
                    0.8044959902763367,
                    0.30354878306388855,
                    -0.5105332136154175,
                    -4.1577067375183105
                ],
                [
                    -0.0,
                    -0.0,
                    -0.0,
                    1.0
                ]
            ]
        },
        {
            "file_path": "./train/r_42",
            "transform_matrix": [
                [
                    0.5782753229141235,
                    -0.42354968190193176,
                    -0.6972827315330505,
                    -5.710891246795654
                ],
                [
                    4.470347292340193e-08,
                    0.8546789884567261,
                    -0.5191566944122314,
                    3.0
                ],
                [
                    0.8158416748046875,
                    0.3002154529094696,
                    0.49423977732658386,
                    4.047926902770996
                ],
                [
                    -0.0,
                    0.0,
                    -0.0,
                    1.0
                ]
            ]
        },
        {
            "file_path": "./train/r_43",
            "transform_matrix": [
                [
                    0.784447193145752,
                    -0.4024967849254608,
                    -0.4718465805053711,
                    -4.341370582580566
                ],
                [
                    -4.4703490686970326e-08,
                    0.7608026266098022,
                    -0.6489834189414978,
                    3.000000476837158
                ],
                [
                    0.6201958060264587,
                    0.5090932250022888,
                    0.5968093872070313,
                    5.491129398345947
                ],
                [
                    -0.0,
                    0.0,
                    -0.0,
                    1.0
                ]
            ]
        },
        {
            "file_path": "./train/r_45",
            "transform_matrix": [
                [
                    -0.7246677875518799,
                    0.32643601298332214,
                    -0.6068739891052246,
                    -4.823690414428711
                ],
                [
                    1.3411042232291948e-07,
                    0.8806782960891724,
                    0.47371459007263184,
                    3.000000238418579
                ],
                [
                    0.6890983581542969,
                    0.34328562021255493,
                    -0.6381992697715759,
                    -5.072673320770264
                ],
                [
                    -0.0,
                    0.0,
                    0.0,
                    1.0
                ]
            ]
        },
        {
            "file_path": "./train/r_46",
            "transform_matrix": [
                [
                    -0.5866464972496033,
                    0.236641988158226,
                    -0.7744974493980408,
                    -5.668900966644287
                ],
                [
                    -2.9802318834981634e-08,
                    0.9563549757003784,
                    0.2922072112560272,
                    2.999999523162842
                ],
                [
                    0.8098431825637817,
                    0.17142237722873688,
                    -0.561042308807373,
                    -4.106525897979736
                ],
                [
                    -0.0,
                    -0.0,
                    -0.0,
                    1.0
                ]
            ]
        },
        {
            "file_path": "./train/r_47",
            "transform_matrix": [
                [
                    -0.22192710638046265,
                    0.1848573237657547,
                    0.9573796987533569,
                    6.825443267822266
                ],
                [
                    -1.1175868230850483e-08,
                    0.9818642139434814,
                    -0.18958497047424316,
                    3.0
                ],
                [
                    -0.9750632643699646,
                    -0.0420740507543087,
                    -0.2179022878408432,
                    -1.553490161895752
                ],
                [
                    -0.0,
                    -0.0,
                    -0.0,
                    1.0
                ]
            ]
        },
        {
            "file_path": "./train/r_49",
            "transform_matrix": [
                [
                    0.9983400702476501,
                    0.0400695838034153,
                    0.04137019068002701,
                    0.40315771102905273
                ],
                [
                    -1.8626449271863521e-09,
                    0.7183077931404114,
                    -0.6957255005836487,
                    2.999999761581421
                ],
                [
                    -0.05759395658969879,
                    0.6945706009864807,
                    0.7171155214309692,
                    6.988379955291748
                ],
                [
                    -0.0,
                    -0.0,
                    -0.0,
                    1.0
                ]
            ]
        },
        {
            "file_path": "./train/r_50",
            "transform_matrix": [
                [
                    -0.7669124603271484,
                    0.3258327841758728,
                    0.5528815388679504,
                    4.492260932922363
                ],
                [
                    2.9802315282267955e-08,
                    0.8615195155143738,
                    -0.5077241063117981,
                    2.9999992847442627
                ],
                [
                    -0.6417515277862549,
                    -0.38937997817993164,
                    -0.6607100963592529,
                    -5.368386745452881
                ],
                [
                    -0.0,
                    -0.0,
                    -0.0,
                    1.0
                ]
            ]
        },
        {
            "file_path": "./train/r_51",
            "transform_matrix": [
                [
                    0.7031041383743286,
                    0.28162282705307007,
                    0.652941882610321,
                    4.977608680725098
                ],
                [
                    -5.960463056453591e-08,
                    0.9182307720184326,
                    -0.3960455656051636,
                    3.0000007152557373
                ],
                [
                    -0.7110868692398071,
                    0.278461217880249,
                    0.6456118822097778,
                    4.92172908782959
                ],
                [
                    -0.0,
                    -0.0,
                    -0.0,
                    1.0
                ]
            ]
        },
        {
            "file_path": "./train/r_53",
            "transform_matrix": [
                [
                    0.9998340606689453,
                    0.007158763241022825,
                    -0.016751017421483994,
                    -0.12751619517803192
                ],
                [
                    4.6566123179658803e-10,
                    0.9195468425750732,
                    0.3929802179336548,
                    2.999999761581421
                ],
                [
                    0.018216600641608238,
                    -0.3929150104522705,
                    0.9193942546844482,
                    6.998837947845459
                ],
                [
                    -0.0,
                    0.0,
                    -0.0,
                    1.0
                ]
            ]
        },
        {
            "file_path": "./train/r_54",
            "transform_matrix": [
                [
                    0.02133961394429207,
                    0.21902336180210114,
                    -0.9754860997200012,
                    -6.998405933380127
                ],
                [
                    -4.656611762854368e-10,
                    0.9757082462310791,
                    0.21907325088977814,
                    2.999999761581421
                ],
                [
                    0.9997721314430237,
                    -0.004674938973039389,
                    0.020821239799261093,
                    0.14937733113765717
                ],
                [
                    -0.0,
                    0.0,
                    -0.0,
                    1.0
                ]
            ]
        },
        {
            "file_path": "./train/r_55",
            "transform_matrix": [
                [
                    0.7191906571388245,
                    -0.05425243824720383,
                    0.6926915049552917,
                    4.863690376281738
                ],
                [
                    3.7252898543727042e-09,
                    0.9969468712806702,
                    0.07808209955692291,
                    2.999999761581421
                ],
                [
                    -0.6948128342628479,
                    -0.05615590885281563,
                    0.7169948816299438,
                    5.034334659576416
                ],
                [
                    -0.0,
                    0.0,
                    -0.0,
                    1.0
                ]
            ]
        },
        {
            "file_path": "./train/r_57",
            "transform_matrix": [
                [
                    -0.2528015673160553,
                    0.1425262987613678,
                    -0.9569627642631531,
                    -6.772626876831055
                ],
                [
                    -0.0,
                    0.9890902638435364,
                    0.1473112404346466,
                    3.0
                ],
                [
                    0.9675182104110718,
                    0.037240512669086456,
                    -0.2500435709953308,
                    -1.769611120223999
                ],
                [
                    -0.0,
                    0.0,
                    0.0,
                    1.0
                ]
            ]
        },
        {
            "file_path": "./train/r_58",
            "transform_matrix": [
                [
                    0.9473307132720947,
                    -0.050992537289857864,
                    -0.3161713480949402,
                    -2.2417988777160645
                ],
                [
                    -0.0,
                    0.9872425198554993,
                    -0.15922380983829498,
                    3.000000476837158
                ],
                [
                    0.3202570080757141,
                    0.15083760023117065,
                    0.935245156288147,
                    6.631315231323242
                ],
                [
                    -0.0,
                    0.0,
                    -0.0,
                    1.0
                ]
            ]
        },
        {
            "file_path": "./train/r_59",
            "transform_matrix": [
                [
                    -0.2893940508365631,
                    0.13684873282909393,
                    0.9473771452903748,
                    6.700469970703125
                ],
                [
                    7.4505797087454084e-09,
                    0.9897274971008301,
                    -0.14296625554561615,
                    3.0
                ],
                [
                    -0.9572100043296814,
                    -0.04137357696890831,
                    -0.2864212691783905,
                    -2.0257577896118164
                ],
                [
                    -0.0,
                    -0.0,
                    -0.0,
                    1.0
                ]
            ]
        },
        {
            "file_path": "./train/r_61",
            "transform_matrix": [
                [
                    0.9992622137069702,
                    -0.021140003576874733,
                    -0.032061927020549774,
                    -0.26882803440093994
                ],
                [
                    1.8626447051417472e-09,
                    0.8348590135574341,
                    -0.5504635572433472,
                    3.0
                ],
                [
                    0.03840399906039238,
                    0.5500574707984924,
                    0.8342431783676147,
                    6.99483585357666
                ],
                [
                    -0.0,
                    0.0,
                    -0.0,
                    1.0
                ]
            ]
        },
        {
            "file_path": "./train/r_62",
            "transform_matrix": [
                [
                    0.6801741123199463,
                    -0.4870423674583435,
                    -0.5478619337081909,
                    -5.131353378295898
                ],
                [
                    -2.9802315282267955e-08,
                    0.7473726272583008,
                    -0.6644049286842346,
                    3.0
                ],
                [
                    0.7330504655838013,
                    0.4519110918045044,
                    0.5083435773849487,
                    4.7612199783325195
                ],
                [
                    -0.0,
                    0.0,
                    -0.0,
                    1.0
                ]
            ]
        },
        {
            "file_path": "./train/r_63",
            "transform_matrix": [
                [
                    0.997159481048584,
                    0.04284554347395897,
                    0.06194453313946724,
                    0.5272289514541626
                ],
                [
                    7.4505797087454084e-09,
                    0.8224351406097412,
                    -0.5688587427139282,
                    2.999999761581421
                ],
                [
                    -0.07531843334436417,
                    0.5672429203987122,
                    0.8200990557670593,
                    6.980116844177246
                ],
                [
                    -0.0,
