{
    "camera_angle_x": 1.623098373413086,
    "frames": [
        {
            "file_path": "./train/r_1",
            "transform_matrix": [
                [
                    -0.8620725870132446,
                    0.10769134759902954,
                    -0.49521034955978394,
                    -24.32563591003418
                ],
                [
                    -1.713633110966839e-07,
                    0.9771610498428345,
                    0.2124994844198227,
                    16.0
                ],
                [
                    0.5067846775054932,
                    0.18319006264209747,
                    -0.8423839211463928,
                    -41.37950134277344
                ],
                [
                    -0.0,
                    -0.0,
                    -0.0,
                    1.0
                ]
            ]
        },
        {
            "file_path": "./train/r_2",
            "transform_matrix": [
                [
                    -0.7092438340187073,
                    0.1846340000629425,
                    -0.6803553700447083,
                    -33.8382453918457
                ],
                [
                    1.341104365337742e-07,
                    0.9650933742523193,
                    0.2619057595729828,
                    16.0
                ],
                [
                    0.7049631476402283,
                    0.18575496971607208,
                    -0.6844866871833801,
                    -34.04368591308594
                ],
                [
                    -0.0,
                    0.0,
                    0.0,
                    1.0
                ]
            ]
        },
        {
            "file_path": "./train/r_3",
            "transform_matrix": [
                [
                    0.6797573566436768,
                    -0.14384819567203522,
                    -0.7191923260688782,
                    -35.20499801635742
                ],
                [
                    1.1175869474300271e-07,
                    0.9805780649185181,
                    -0.19612878561019897,
                    15.999998092651367
                ],
                [
                    0.7334370017051697,
                    0.1333198994398117,
                    0.6665552258491516,
                    32.62833023071289
                ],
                [
                    -0.0,
                    0.0,
                    -0.0,
                    1.0
                ]
            ]
        },
        {
            "file_path": "./train/r_5",
            "transform_matrix": [
                [
                    -0.8651760220527649,
                    -0.23897132277488708,
                    0.44086647033691406,
                    24.070470809936523
                ],
                [
                    2.2351741790771484e-07,
                    0.879150927066803,
                    0.47654348611831665,
                    16.000001907348633
                ],
                [
                    -0.5014684796333313,
                    0.41229405999183655,
                    -0.7606201767921448,
                    -41.52845764160156
                ],
                [
                    0.0,
                    0.0,
                    -0.0,
                    1.0
                ]
            ]
        },
        {
            "file_path": "./train/r_6",
            "transform_matrix": [
                [
                    -0.5751193165779114,
                    0.12649691104888916,
                    0.8082303404808044,
                    39.26734161376953
                ],
                [
                    2.2351738238057806e-08,
                    0.987972617149353,
                    -0.15462855994701385,
                    16.0
                ],
                [
                    -0.8180693984031677,
                    -0.08892985433340073,
                    -0.5682022571563721,
                    -27.605722427368164
                ],
                [
                    -0.0,
                    -0.0,
                    -0.0,
                    1.0
                ]
            ]
        },
        {
            "file_path": "./train/r_7",
            "transform_matrix": [
                [
                    -0.9957997798919678,
                    -0.030313067138195038,
                    0.08639422804117203,
                    4.394777297973633
                ],
                [
                    3.7252898543727042e-09,
                    0.9436023235321045,
                    0.3310810327529907,
                    16.0
                ],
                [
                    -0.09155786782503128,
                    0.3296903967857361,
                    -0.9396389722824097,
                    -47.79839324951172
                ],
                [
                    0.0,
                    0.0,
                    -0.0,
                    1.0
                ]
            ]
        },
        {
            "file_path": "./train/r_9",
            "transform_matrix": [
                [
                    -0.9764449596405029,
                    0.04328165948390961,
                    0.21138030290603638,
                    10.356729507446289
                ],
                [
                    -1.5646212148112681e-07,
                    0.9796737432479858,
                    -0.20059612393379211,
                    15.999998092651367
                ],
                [
                    -0.21576593816280365,
                    -0.19587111473083496,
                    -0.9565976858139038,
                    -46.86936950683594
                ],
                [
                    -0.0,
                    -0.0,
                    -0.0,
                    1.0
                ]
            ]
        },
        {
            "file_path": "./train/r_10",
            "transform_matrix": [
                [
                    -0.16234569251537323,
                    -0.6083456873893738,
                    0.7768908143043518,
                    47.36323165893555
                ],
                [
                    -1.7881389169360773e-07,
                    0.7873356342315674,
                    0.6165245175361633,
                    16.0
                ],
                [
                    -0.9867340326309204,
                    0.10008995234966278,
                    -0.1278206706047058,
                    -7.7925825119018555
                ],
                [
                    0.0,
                    0.0,
                    -0.0,
                    1.0
                ]
            ]
        },
        {
            "file_path": "./train/r_11",
            "transform_matrix": [
                [
                    0.25669190287590027,
                    0.5758461356163025,
                    -0.7762154340744019,
                    -46.391685485839844
                ],
                [
                    -2.7567148208618164e-07,
                    0.8031256198883057,
                    0.5958096981048584,
                    16.000001907348633
                ],
                [
                    0.9664933085441589,
                    -0.1529393047094345,
                    0.20615598559379578,
                    12.321192741394043
                ],
                [
                    -0.0,
                    0.0,
                    -0.0,
                    1.0
                ]
            ]
        },
        {
            "file_path": "./train/r_13",
            "transform_matrix": [
                [
                    0.18048317730426788,
                    0.2053757905960083,
                    -0.9618974328041077,
                    -47.21175003051758
                ],
                [
                    5.587935447692871e-08,
                    0.9779573678970337,
                    0.20880477130413055,
                    16.0
                ],
                [
                    0.9835781455039978,
                    -0.03768580034375191,
                    0.17650482058525085,
                    8.66320514678955
                ],
                [
                    -0.0,
                    0.0,
                    -0.0,
                    1.0
                ]
            ]
        },
        {
            "file_path": "./train/r_14",
            "transform_matrix": [
                [
                    0.6383790373802185,
                    -0.026082083582878113,
                    0.7692801356315613,
                    36.94669723510742
                ],
                [
                    3.91155481338501e-08,
                    0.9994257688522339,
                    0.033885031938552856,
                    16.0
                ],
                [
                    -0.7697222232818604,
                    -0.02163146436214447,
                    0.6380124688148499,
                    30.642152786254883
                ],
                [
                    -0.0,
                    0.0,
                    -0.0,
                    1.0
                ]
            ]
        },
        {
            "file_path": "./train/r_15",
            "transform_matrix": [
                [
                    -0.24109624326229095,
                    -0.3211263120174408,
                    -0.9158331155776978,
                    -46.58406066894531
                ],
                [
                    -5.960463766996327e-08,
                    0.9436702728271484,
                    -0.3308870494365692,
                    15.999998092651367
                ],
                [
                    0.970501184463501,
                    -0.07977557182312012,
                    -0.2275153547525406,
                    -11.572610855102539
                ],
                [
                    -0.0,
                    0.0,
                    0.0,
                    1.0
                ]
            ]
        },
        {
            "file_path": "./train/r_17",
            "transform_matrix": [
                [
                    -0.9806532859802246,
                    0.1199650913476944,
                    -0.15468522906303406,
                    -9.396124839782715
                ],
                [
                    -1.7136333951839333e-07,
                    0.7902065515518188,
                    0.6128405332565308,
                    16.000001907348633
                ],
                [
                    0.19575276970863342,
                    0.6009840965270996,
                    -0.7749186754226685,
                    -47.07136917114258
                ],
                [
                    -0.0,
                    -0.0,
                    -0.0,
                    1.0
                ]
            ]
        },
        {
            "file_path": "./train/r_18",
            "transform_matrix": [
                [
                    -0.9413534998893738,
                    0.08593890815973282,
                    -0.3262941539287567,
                    -16.196226119995117
                ],
                [
                    -9.685751223287298e-08,
                    0.9670217037200928,
                    0.2546931803226471,
                    16.0
                ],
                [
                    0.3374216556549072,
                    0.23975636065006256,
                    -0.9103094935417175,
                    -45.18497848510742
                ],
                [
                    -0.0,
                    -0.0,
                    -0.0,
                    1.0
                ]
            ]
        },
        {
            "file_path": "./train/r_19",
            "transform_matrix": [
                [
                    0.787080705165863,
                    0.2222253680229187,
                    0.575430154800415,
                    29.608814239501953
                ],
                [
                    -1.1920926112907182e-07,
                    0.9328525066375732,
                    -0.36025819182395935,
                    15.999998092651367
                ],
                [
                    -0.6168501377105713,
                    0.2835521996021271,
                    0.7342301607131958,
                    37.77986526489258
                ],
                [
                    -0.0,
                    -0.0,
                    -0.0,
                    1.0
                ]
            ]
        },
        {
            "file_path": "./train/r_21",
            "transform_matrix": [
                [
                    0.16792064905166626,
                    -0.40455007553100586,
                    -0.8989672064781189,
                    -47.318424224853516
                ],
                [
                    -6.705522537231445e-08,
                    0.9119158983230591,
                    -0.41037723422050476,
                    16.0
                ],
                [
                    0.9858005046844482,
                    0.0689108744263649,
                    0.1531294882297516,
                    8.060198783874512
                ],
                [
                    -0.0,
                    0.0,
                    -0.0,
                    1.0
                ]
            ]
        },
        {
            "file_path": "./train/r_22",
            "transform_matrix": [
                [
                    -0.7938089966773987,
                    0.29335570335388184,
                    -0.5327379107475281,
                    -29.191980361938477
                ],
                [
                    -5.811452865600586e-07,
                    0.8759725093841553,
                    0.4823610186576843,
                    16.0
                ],
                [
                    0.6081671118736267,
                    0.3829028308391571,
                    -0.695354700088501,
                    -38.10286331176758
                ],
                [
                    -0.0,
                    -0.0,
                    -0.0,
                    1.0
                ]
            ]
        },
        {
            "file_path": "./train/r_23",
            "transform_matrix": [
                [
                    0.9647897481918335,
                    -0.11741159856319427,
                    -0.23536156117916107,
                    -12.625048637390137
                ],
                [
                    -5.215405707303944e-08,
                    0.8948360085487366,
                    -0.44639480113983154,
                    16.0
                ],
                [
                    0.26302194595336914,
                    0.4306771755218506,
                    0.8633286952972412,
                    46.30990982055664
                ],
                [
                    -0.0,
                    0.0,
                    -0.0,
                    1.0
                ]
            ]
        },
        {
            "file_path": "./train/r_25",
            "transform_matrix": [
                [
                    0.5113586187362671,
                    -0.2058088630437851,
                    -0.8343590497970581,
                    -41.249629974365234
                ],
                [
                    -4.470347647611561e-08,
                    0.9708991050720215,
                    -0.23948882520198822,
                    16.000003814697266
                ],
                [
                    0.8593674302101135,
                    0.12246471643447876,
                    0.4964776337146759,
                    24.545225143432617
                ],
                [
                    -0.0,
                    0.0,
                    -0.0,
                    1.0
                ]
            ]
        },
        {
            "file_path": "./train/r_26",
            "transform_matrix": [
                [
                    0.09044918417930603,
                    -0.6838986277580261,
                    0.7239486575126648,
                    47.803253173828125
                ],
                [
                    -1.4901161193847656e-08,
                    0.7269282937049866,
                    0.6867133975028992,
                    15.999999046325684
                ],
                [
                    -0.9959011673927307,
                    -0.06211267411708832,
                    0.06575005501508713,
                    4.3415608406066895
                ],
                [
                    -0.0,
                    0.0,
                    -0.0,
                    1.0
                ]
            ]
        },
        {
            "file_path": "./train/r_27",
            "transform_matrix": [
                [
                    -0.37908613681793213,
                    0.4427599012851715,
                    0.8125620484352112,
                    44.417354583740234
                ],
                [
                    2.533196834519913e-07,
                    0.8781024217605591,
                    -0.47847235202789307,
                    16.0
                ],
                [
                    -0.9253612756729126,
                    -0.18138203024864197,
                    -0.33287662267684937,
                    -18.19611358642578
                ],
                [
                    -0.0,
                    -0.0,
                    -0.0,
                    1.0
                ]
            ]
        },
        {
            "file_path": "./train/r_29",
            "transform_matrix": [
                [
                    0.9997912049293518,
                    -0.00101744313724339,
                    -0.02040959894657135,
                    -0.9808756709098816
                ],
                [
                    -1.7462296053594173e-09,
                    0.9987596869468689,
                    -0.049789462238550186,
                    16.0
                ],
                [
                    0.020434945821762085,
                    0.04977906495332718,
                    0.9985511302947998,
                    47.98998260498047
                ],
                [
                    -0.0,
                    0.0,
                    -0.0,
                    1.0
                ]
            ]
        },
        {
            "file_path": "./train/r_30",
            "transform_matrix": [
                [
                    -0.7430379986763,
                    -0.3653797209262848,
                    -0.5607066750526428,
                    -32.123924255371094
                ],
                [
                    5.811451728732209e-07,
                    0.8378141522407532,
                    -0.5459553003311157,
                    15.999996185302734
                ],
                [
                    0.6692489981651306,
                    -0.40566587448120117,
                    -0.6225276589393616,
                    -35.66585159301758
                ],
                [
                    -0.0,
                    0.0,
                    -0.0,
                    1.0
                ]
            ]
        },
        {
            "file_path": "./train/r_31",
            "transform_matrix": [
                [
                    0.5087510943412781,
                    0.2301270067691803,
                    0.8295866250991821,
                    41.32386016845703
                ],
                [
                    7.450580596923828e-09,
                    0.9636118412017822,
                    -0.26730555295944214,
                    16.0
                ],
                [
                    -0.8609137535095215,
                    0.13599199056625366,
                    0.49023857712745667,
                    24.420053482055664
                ],
                [
                    -0.0,
                    -0.0,
                    -0.0,
                    1.0
                ]
            ]
        },
        {
            "file_path": "./train/r_33",
            "transform_matrix": [
                [
                    -0.3098379671573639,
                    0.4229350686073303,
                    -0.8515435457229614,
                    -45.63789749145508
                ],
                [
                    1.4901158351676713e-07,
                    0.8956173062324524,
                    0.4448251724243164,
                    16.0
                ],
                [
                    0.9507893323898315,
                    0.13782359659671783,
                    -0.277496337890625,
                    -14.872210502624512
                ],
                [
                    -0.0,
                    0.0,
                    0.0,
                    1.0
                ]
            ]
        },
        {
            "file_path": "./train/r_34",
            "transform_matrix": [
                [
                    0.40329214930534363,
                    -0.1189287081360817,
                    0.9073099493980408,
                    43.92340850830078
                ],
                [
                    -8.195636524988004e-08,
                    0.9915182590484619,
                    0.12996666133403778,
                    16.000001907348633
                ],
                [
                    -0.9150711297988892,
                    -0.052414607256650925,
                    0.3998716175556183,
                    19.35805320739746
                ],
                [
                    -0.0,
                    0.0,
                    -0.0,
                    1.0
                ]
            ]
        },
        {
            "file_path": "./train/r_35",
            "transform_matrix": [
                [
                    -0.6284016370773315,
                    0.06540907174348831,
                    0.7751342058181763,
                    37.338661193847656
                ],
                [
                    -2.9802322387695313e-08,
                    0.9964585304260254,
                    -0.0840853750705719,
                    15.999999046325684
                ],
                [
                    -0.77788907289505,
                    -0.052839409559965134,
                    -0.626176118850708,
                    -30.163286209106445
                ],
                [
                    -0.0,
                    -0.0,
                    -0.0,
                    1.0
                ]
            ]
        },
        {
            "file_path": "./train/r_37",
            "transform_matrix": [
                [
                    -0.2563943564891815,
                    0.23864343762397766,
                    0.9366489052772522,
                    46.39546585083008
                ],
                [
                    -7.4505797087454084e-09,
                    0.9690417647361755,
                    -0.2468966394662857,
                    16.000001907348633
                ],
                [
                    -0.9665722250938416,
                    -0.0633029118180275,
                    -0.24845683574676514,
                    -12.306929588317871
                ],
                [
                    -0.0,
                    -0.0,
                    -0.0,
                    1.0
                ]
            ]
        },
        {
            "file_path": "./train/r_38",
            "transform_matrix": [
                [
                    0.6540513634681702,
                    0.5049236416816711,
                    -0.5632662177085876,
                    -36.30959701538086
                ],
                [
                    2.6822084464583895e-07,
                    0.7446175217628479,
                    0.6674912571907043,
                    16.0
                ],
                [
                    0.7564499974250793,
                    -0.43657371401786804,
                    0.48701807856559753,
                    31.39447784423828
                ],
                [
                    -0.0,
                    0.0,
                    -0.0,
                    1.0
                ]
            ]
        },
        {
            "file_path": "./train/r_39",
            "transform_matrix": [
                [
                    0.7648583054542542,
                    -0.37610161304473877,
                    0.5230097770690918,
                    30.921545028686523
                ],
                [
                    4.1723239974089665e-07,
                    0.8118769526481628,
                    0.5838283896446228,
                    15.999998092651367
                ],
                [
                    -0.6441984176635742,
                    -0.4465457499027252,
                    0.6209710836410522,
                    36.71318054199219
                ],
                [
                    -0.0,
                    0.0,
                    -0.0,
                    1.0
                ]
            ]
        },
        {
            "file_path": "./train/r_41",
            "transform_matrix": [
                [
                    0.2244318276643753,
                    0.26865434646606445,
                    -0.9367256760597229,
                    -46.775508880615234
                ],
                [
                    7.450577754752885e-08,
                    0.9612472057342529,
                    0.27568724751472473,
                    16.0
                ],
                [
                    0.974489688873291,
                    -0.06187305599451065,
                    0.21573448181152344,
                    10.772740364074707
                ],
                [
                    -0.0,
                    0.0,
                    -0.0,
                    1.0
                ]
            ]
        },
        {
            "file_path": "./train/r_42",
            "transform_matrix": [
                [
                    0.7197615504264832,
                    -0.021419720724225044,
                    0.6938908696174622,
                    33.322654724121094
                ],
                [
                    2.514570951461792e-08,
                    0.9995238780975342,
                    0.03085428476333618,
                    16.0
                ],
                [
                    -0.6942213773727417,
                    -0.022207709029316902,
                    0.7194188833236694,
                    34.548526763916016
                ],
                [
                    -0.0,
                    0.0,
                    -0.0,
                    1.0
                ]
            ]
        },
        {
            "file_path": "./train/r_43",
            "transform_matrix": [
                [
                    -0.43998435139656067,
                    0.34745359420776367,
                    0.82806396484375,
                    43.1042594909668
                ],
                [
                    -1.1920930376163597e-07,
                    0.9221146106719971,
                    -0.3869170844554901,
                    16.0
                ],
                [
                    -0.898005485534668,
                    -0.17023755609989166,
                    -0.4057159423828125,
                    -21.119260787963867
                ],
                [
                    -0.0,
                    -0.0,
                    -0.0,
                    1.0
                ]
            ]
        },
        {
            "file_path": "./train/r_45",
            "transform_matrix": [
                [
                    -0.3469430208206177,
                    0.6058846116065979,
                    0.7159151434898376,
                    45.01853942871094
                ],
                [
                    -1.341104507446289e-07,
                    0.7633283138275146,
                    -0.6460108160972595,
                    16.0
                ],
                [
                    -0.9378862977027893,
                    -0.22412903606891632,
                    -0.2648313641548157,
                    -16.653274536132813
                ],
                [
                    -0.0,
                    -0.0,
                    -0.0,
                    1.0
                ]
            ]
        },
        {
            "file_path": "./train/r_46",
            "transform_matrix": [
                [
                    0.07838385552167892,
                    0.453495055437088,
                    0.887805163860321,
                    47.852317810058594
                ],
                [
                    -3.7252898543727042e-09,
                    0.890545129776001,
                    -0.45489466190338135,
                    16.0
                ],
                [
                    -0.9969231486320496,
                    0.0356563962996006,
                    0.0698043704032898,
                    3.7624242305755615
                ],
                [
                    -0.0,
                    -0.0,
                    -0.0,
                    1.0
                ]
            ]
        },
        {
            "file_path": "./train/r_47",
            "transform_matrix": [
                [
                    -0.9900288581848145,
                    -0.06663442403078079,
                    0.1241072490811348,
                    6.761495113372803
                ],
                [
                    -9.685752644372769e-08,
                    0.8810412883758545,
                    0.4730391800403595,
                    16.000001907348633
                ],
                [
                    -0.1408643275499344,
                    0.46832242608070374,
                    -0.8722564578056335,
                    -47.521385192871094
                ],
                [
                    0.0,
                    0.0,
                    -0.0,
                    1.0
                ]
            ]
        },
        {
            "file_path": "./train/r_49",
            "transform_matrix": [
                [
                    -0.019021155312657356,
                    -0.646683931350708,
                    0.7625208497047424,
                    47.99131774902344
                ],
                [
                    -9.313225746154785e-09,
                    0.7626588344573975,
                    0.6468009352684021,
                    16.0
                ],
                [
                    -0.9998191595077515,
                    0.012302893213927746,
                    -0.014506656676530838,
                    -0.9130148887634277
                ],
                [
                    0.0,
                    0.0,
                    -0.0,
                    1.0
                ]
            ]
        },
        {
            "file_path": "./train/r_50",
            "transform_matrix": [
                [
                    -0.852462887763977,
                    -0.35436517000198364,
                    0.3843594491481781,
                    25.093772888183594
                ],
                [
                    6.705521968797257e-07,
                    0.7352107763290405,
                    0.6778385639190674,
                    15.999996185302734
                ],
                [
                    -0.5227876305580139,
                    0.5778324604034424,
                    -0.6267397403717041,
                    -40.91824722290039
                ],
                [
                    0.0,
                    0.0,
                    -0.0,
                    1.0
                ]
            ]
        },
        {
            "file_path": "./train/r_51",
            "transform_matrix": [
                [
                    -0.49592772126197815,
                    0.39370816946029663,
                    -0.7739828824996948,
                    -41.68144989013672
                ],
                [
                    -3.576278118089249e-07,
                    0.8913116455078125,
                    0.45339104533195496,
                    16.0
                ],
                [
                    0.8683636784553528,
                    0.22484946250915527,
                    -0.4420260787010193,
                    -23.804563522338867
                ],
                [
                    -0.0,
                    -0.0,
                    -0.0,
                    1.0
                ]
            ]
        },
        {
            "file_path": "./train/r_53",
            "transform_matrix": [
                [
                    -0.31723132729530334,
                    0.46497678756713867,
                    -0.8265354037284851,
                    -45.520721435546875
                ],
                [
                    1.1920926112907182e-07,
                    0.8715526461601257,
                    0.4903017580509186,
                    16.000001907348633
                ],
                [
                    0.9483481645584106,
                    0.15553899109363556,
                    -0.2764838933944702,
                    -15.227093696594238
                ],
                [
                    -0.0,
                    0.0,
                    0.0,
                    1.0
                ]
            ]
        },
        {
            "file_path": "./train/r_54",
            "transform_matrix": [
                [
                    0.5755287408828735,
                    0.2518508732318878,
                    0.7780345678329468,
                    39.25353240966797
                ],
                [
                    -1.7881390590446244e-07,
                    0.9513965845108032,
                    -0.3079683184623718,
                    16.0
                ],
                [
                    -0.8177815079689026,
                    0.17724446952342987,
                    0.5475562214851379,
                    27.625362396240234
                ],
                [
                    -0.0,
                    -0.0,
                    -0.0,
                    1.0
                ]
            ]
        },
        {
            "file_path": "./train/r_55",
            "transform_matrix": [
                [
                    -0.7543465495109558,
                    -0.4019392132759094,
                    0.5190432667732239,
                    31.510852813720703
                ],
                [
                    8.940694584680386e-08,
                    0.7906503081321716,
                    0.6122678518295288,
                    15.999996185302734
                ],
                [
                    -0.6564761400222778,
                    0.4618622064590454,
                    -0.5964244604110718,
                    -36.20864486694336
                ],
                [
                    0.0,
                    0.0,
                    -0.0,
                    1.0
                ]
            ]
        },
        {
            "file_path": "./train/r_57",
            "transform_matrix": [
                [
                    0.7245486974716187,
                    -0.4589056074619293,
                    -0.5142322778701782,
                    -33.08271408081055
                ],
                [
                    -4.470348358154297e-07,
                    0.7461034059524536,
                    -0.665830135345459,
                    16.0
                ],
                [
                    0.6892236471176147,
                    0.48242658376693726,
                    0.5405880212783813,
                    34.778350830078125
                ],
                [
                    -0.0,
                    0.0,
                    -0.0,
                    1.0
                ]
            ]
        },
        {
            "file_path": "./train/r_58",
            "transform_matrix": [
                [
                    -0.5460484623908997,
                    0.0319649763405323,
                    -0.8371434807777405,
                    -40.2121696472168
                ],
                [
                    5.587934559514451e-09,
                    0.9992717504501343,
                    0.038155581802129745,
                    16.0
                ],
                [
                    0.8377534747123718,
                    0.020834794268012047,
                    -0.545650839805603,
                    -26.210325241088867
                ],
                [
                    -0.0,
                    0.0,
                    0.0,
                    1.0
                ]
            ]
        },
        {
            "file_path": "./train/r_59",
            "transform_matrix": [
                [
                    -0.836188554763794,
                    -0.3766835927963257,
                    -0.3986205458641052,
                    -26.32522964477539
                ],
                [
                    -1.4901161193847656e-08,
                    0.7268232703208923,
                    -0.68682461977005,
                    16.000003814697266
                ],
                [
                    0.5484422445297241,
                    -0.5743148326873779,
                    -0.6077612042427063,
                    -40.13705062866211
                ],
                [
                    -0.0,
                    0.0,
                    0.0,
                    1.0
                ]
            ]
        },
        {
            "file_path": "./train/r_61",
            "transform_matrix": [
                [
                    -0.7229549288749695,
                    -0.2972213923931122,
                    -0.6236950159072876,
                    -33.163047790527344
                ],
                [
                    -1.0430810561956605e-06,
                    0.9027351140975952,
                    -0.4301965534687042,
                    15.999996185302734
                ],
                [
                    0.690895140171051,
                    -0.31101205945014954,
                    -0.6526371240615845,
                    -34.701759338378906
                ],
                [
                    -0.0,
                    0.0,
                    0.0,
                    1.0
                ]
            ]
        },
        {
            "file_path": "./train/r_62",
            "transform_matrix": [
                [
                    -0.4716928005218506,
                    -0.19137470424175262,
                    0.8607447147369385,
                    42.324642181396484
                ],
                [
                    -2.831220058396866e-07,
                    0.976163387298584,
                    0.21703630685806274,
                    16.0
                ],
                [
                    -0.8817628622055054,
                    0.10237422585487366,
                    -0.46044930815696716,
                    -22.641199111938477
                ],
                [
                    0.0,
                    0.0,
                    -0.0,
                    1.0
                ]
            ]
        },
        {
            "file_path": "./train/r_63",
            "transform_matrix": [
                [
                    0.9968092441558838,
                    -0.016422029584646225,
                    -0.07811249047517776,
                    -3.831357479095459
                ],
                [
                    -2.60770320892334e-08,
                    0.9786069989204407,
                    -0.20573841035366058,
                    15.999999046325684
                ],
                [
                    0.07982007414102554,
                    0.20508195459842682,
