{
    "camera_angle_x": 1.1705608367919922,
    "frames": [
        {
            "file_path": "./train/r_1",
            "transform_matrix": [
                [
                    -0.9469784498214722,
                    -0.30782678723335266,
                    -0.09205672144889832,
                    -4.337510108947754
                ],
                [
                    -2.0116567611694336e-07,
                    0.2865165174007416,
                    -0.958075225353241,
                    7.999999523162842
                ],
                [
                    0.3212970197200775,
                    -0.9072766304016113,
                    -0.271325021982193,
                    -12.784208297729492
                ],
                [
                    -0.0,
                    0.0,
                    0.0,
                    1.0
                ]
            ]
        },
        {
            "file_path": "./train/r_2",
            "transform_matrix": [
                [
                    -0.9027267098426819,
                    -0.14448483288288116,
                    0.40522632002830505,
                    5.807888984680176
                ],
                [
                    5.960463056453591e-08,
                    0.9419174194335938,
                    0.33584412932395935,
                    8.0
                ],
                [
                    -0.43021413683891296,
                    0.30317550897598267,
                    -0.850294291973114,
                    -12.186812400817871
                ],
                [
                    0.0,
                    0.0,
                    -0.0,
                    1.0
                ]
            ]
        },
        {
            "file_path": "./train/r_3",
            "transform_matrix": [
                [
                    -0.980802595615387,
                    0.15540190041065216,
                    -0.11779807507991791,
                    2.632539987564087
                ],
                [
                    -1.0430811414607888e-07,
                    -0.6040840148925781,
                    -0.7969205379486084,
                    7.999999046325684
                ],
                [
                    -0.19500291347503662,
                    -0.7816217541694641,
                    0.5924872159957886,
                    -13.240836143493652
                ],
                [
                    -0.0,
                    0.0,
                    0.0,
                    1.0
                ]
            ]
        },
        {
            "file_path": "./train/r_5",
            "transform_matrix": [
                [
                    -0.9961592555046082,
                    -0.032291993498802185,
                    -0.08138727396726608,
                    1.1820533275604248
                ],
                [
                    7.450578820566989e-09,
                    -0.92950838804245,
                    0.3688006103038788,
                    8.000000953674316
                ],
                [
                    -0.08755946904420853,
                    0.367384135723114,
                    0.9259384870529175,
                    -13.448150634765625
                ],
                [
                    0.0,
                    0.0,
                    -0.0,
                    1.0
                ]
            ]
        },
        {
            "file_path": "./train/r_6",
            "transform_matrix": [
                [
                    -0.11334263533353806,
                    -0.983420729637146,
                    -0.1415519267320633,
                    -13.413004875183105
                ],
                [
                    8.195637946073475e-08,
                    0.14246998727321625,
                    -0.9897990226745605,
                    7.999999046325684
                ],
                [
                    0.9935559034347534,
                    -0.11218645423650742,
                    -0.01614784449338913,
                    -1.530125617980957
                ],
                [
                    -0.0,
                    0.0,
                    -0.0,
                    1.0
                ]
            ]
        },
        {
            "file_path": "./train/r_7",
            "transform_matrix": [
                [
                    0.8540398478507996,
                    0.5192596912384033,
                    -0.031389228999614716,
                    -7.022803783416748
                ],
                [
                    -6.51925802230835e-08,
                    0.060339927673339844,
                    0.9981778860092163,
                    8.0
                ],
                [
                    0.5202075242996216,
                    -0.8524836897850037,
                    0.05153274163603783,
                    11.529539108276367
                ],
                [
                    -0.0,
                    0.0,
                    -0.0,
                    1.0
                ]
            ]
        },
        {
            "file_path": "./train/r_9",
            "transform_matrix": [
                [
                    -0.7745159864425659,
                    0.6276949048042297,
                    -0.07825759798288345,
                    8.539485931396484
                ],
                [
                    8.940696716308594e-08,
                    -0.12371666729450226,
                    -0.9923175573348999,
                    8.000000953674316
                ],
                [
                    -0.6325545310974121,
                    -0.7685657739639282,
                    0.09582046419382095,
                    -10.455965995788574
                ],
                [
                    -0.0,
                    0.0,
                    0.0,
                    1.0
                ]
            ]
        },
        {
            "file_path": "./train/r_10",
            "transform_matrix": [
                [
                    -0.9412274360656738,
                    0.32761380076408386,
                    -0.08221912384033203,
                    4.559938907623291
                ],
                [
                    5.215404996761208e-08,
                    -0.24341493844985962,
                    -0.9699221253395081,
                    7.999999046325684
                ],
                [
                    -0.33777329325675964,
                    -0.9129173159599304,
                    0.2291088104248047,
                    -12.70656967163086
                ],
                [
                    -0.0,
                    0.0,
                    0.0,
                    1.0
                ]
            ]
        },
        {
            "file_path": "./train/r_11",
            "transform_matrix": [
                [
                    -0.488308846950531,
                    0.852487325668335,
                    -0.1866007000207901,
                    -11.781057357788086
                ],
                [
                    2.905726432800293e-07,
                    0.21382726728916168,
                    0.9768714904785156,
                    7.999999523162842
                ],
                [
                    0.8726708889007568,
                    0.4770149290561676,
                    -0.10441398620605469,
                    -6.59216833114624
                ],
                [
                    -0.0,
                    0.0,
                    0.0,
                    1.0
                ]
            ]
        },
        {
            "file_path": "./train/r_13",
            "transform_matrix": [
                [
                    0.018896982073783875,
                    -0.9985622763633728,
                    -0.05016135796904564,
                    13.497588157653809
                ],
                [
                    -3.783497515286172e-09,
                    -0.05017031356692314,
                    0.9987406730651855,
                    8.0
                ],
                [
                    -0.9998213648796082,
                    -0.0188731849193573,
                    -0.0009480714797973633,
                    0.2551092803478241
                ],
                [
                    -0.0,
                    0.0,
                    -0.0,
                    1.0
                ]
            ]
        },
        {
            "file_path": "./train/r_14",
            "transform_matrix": [
                [
                    0.25203511118888855,
                    -0.4335476756095886,
                    0.8651673793792725,
                    13.064193725585938
                ],
                [
                    -7.450579886381092e-08,
                    0.8940283060073853,
                    0.44801032543182373,
                    8.0
                ],
                [
                    -0.9677181243896484,
                    -0.11291439086198807,
                    0.22532649338245392,
                    3.402475595474243
                ],
                [
                    -0.0,
                    0.0,
                    -0.0,
                    1.0
                ]
            ]
        },
        {
            "file_path": "./train/r_15",
            "transform_matrix": [
                [
                    0.47119542956352234,
                    0.14340943098068237,
                    0.8702921867370605,
                    -11.907388687133789
                ],
                [
                    -2.2351741790771484e-08,
                    -0.9866936206817627,
                    0.16259042918682098,
                    8.0
                ],
                [
                    0.8820287585258484,
                    -0.07661189138889313,
                    -0.4649255573749542,
                    6.361141681671143
                ],
                [
                    -0.0,
                    0.0,
                    -0.0,
                    1.0
                ]
            ]
        },
        {
            "file_path": "./train/r_17",
            "transform_matrix": [
                [
                    -0.8909100890159607,
                    0.07664616405963898,
                    0.4476655125617981,
                    -6.131425380706787
                ],
                [
                    -3.725289943190546e-08,
                    -0.9856575727462769,
                    0.1687573790550232,
                    8.0
                ],
                [
                    0.45417946577072144,
                    0.15034763514995575,
                    0.8781324625015259,
                    -12.027286529541016
                ],
                [
                    -0.0,
                    0.0,
                    -0.0,
                    1.0
                ]
            ]
        },
        {
            "file_path": "./train/r_18",
            "transform_matrix": [
                [
                    -0.7327589988708496,
                    -0.2679532766342163,
                    -0.625511884689331,
                    -9.186589241027832
                ],
                [
                    -0.0,
                    0.9192105531692505,
                    -0.39376628398895264,
                    7.999999523162842
                ],
                [
                    0.6804880499839783,
                    -0.28853580355644226,
                    -0.6735599040985107,
                    -9.892247200012207
                ],
                [
                    -0.0,
                    0.0,
                    -0.0,
                    1.0
                ]
            ]
        },
        {
            "file_path": "./train/r_19",
            "transform_matrix": [
                [
                    0.9940272569656372,
                    0.023103775456547737,
                    0.106658436357975,
                    -1.473283290863037
                ],
                [
                    7.450580596923828e-09,
                    -0.977333664894104,
                    0.21170470118522644,
                    8.0
                ],
                [
                    0.1091320589184761,
                    -0.2104402333498001,
                    -0.9714962840080261,
                    13.419367790222168
                ],
                [
                    -0.0,
                    0.0,
                    -0.0,
                    1.0
                ]
            ]
        },
        {
            "file_path": "./train/r_21",
            "transform_matrix": [
                [
                    0.8522559404373169,
                    0.5228854417800903,
                    0.015827175229787827,
                    -7.062187671661377
                ],
                [
                    2.0395960120822565e-07,
                    -0.030255386605858803,
                    0.9995421171188354,
                    8.0
                ],
                [
                    0.5231249332427979,
                    -0.8518657088279724,
                    -0.02578544430434704,
                    11.505455017089844
                ],
                [
                    -0.0,
                    0.0,
                    -0.0,
                    1.0
                ]
            ]
        },
        {
            "file_path": "./train/r_22",
            "transform_matrix": [
                [
                    -0.7253797650337219,
                    0.6383776068687439,
                    0.25748443603515625,
                    9.292707443237305
                ],
                [
                    -4.76837158203125e-07,
                    0.3740604519844055,
                    -0.9274044036865234,
                    8.0
                ],
                [
                    -0.6883488297462463,
                    -0.6727204918861389,
                    -0.2713356018066406,
                    -9.79262924194336
                ],
                [
                    -0.0,
                    -0.0,
                    -0.0,
                    1.0
                ]
            ]
        },
        {
            "file_path": "./train/r_23",
            "transform_matrix": [
                [
                    0.8602015376091003,
                    0.057566381990909576,
                    -0.5066944360733032,
                    6.884376525878906
                ],
                [
                    -4.097818262494002e-08,
                    -0.9936078786849976,
                    -0.1128854900598526,
                    8.0
                ],
                [
                    -0.509954035282135,
                    0.09710430353879929,
                    -0.8547031879425049,
                    11.612724304199219
                ],
                [
                    -0.0,
                    0.0,
                    0.0,
                    1.0
                ]
            ]
        },
        {
            "file_path": "./train/r_25",
            "transform_matrix": [
                [
                    -0.9990566372871399,
                    0.010841064155101776,
                    0.04205022379755974,
                    -0.5862407088279724
                ],
                [
                    -4.656612428988183e-09,
                    -0.9683363437652588,
                    0.24964889883995056,
                    7.999998092651367
                ],
                [
                    0.043425220996141434,
                    0.249413400888443,
                    0.9674229025840759,
                    -13.487264633178711
                ],
                [
                    -0.0,
                    0.0,
                    -0.0,
                    1.0
                ]
            ]
        },
        {
            "file_path": "./train/r_26",
            "transform_matrix": [
                [
                    0.6213194727897644,
                    -0.5679290890693665,
                    -0.5398320555686951,
                    -10.578024864196777
                ],
                [
                    -1.1920927533992653e-07,
                    0.68895024061203,
                    -0.7248086333274841,
                    8.000000953674316
                ],
                [
                    0.7835573554039001,
                    0.4503377377986908,
                    0.4280581474304199,
                    8.387813568115234
                ],
                [
                    -0.0,
                    0.0,
                    -0.0,
                    1.0
                ]
            ]
        },
        {
            "file_path": "./train/r_27",
            "transform_matrix": [
                [
                    -0.010421178303658962,
                    -0.7358530759811401,
                    -0.6770609617233276,
                    -13.499267578125
                ],
                [
                    -5.122272828117502e-09,
                    0.6770976781845093,
                    -0.7358930706977844,
                    8.0
                ],
                [
                    0.9999457597732544,
                    -0.007668869569897652,
                    -0.007056159432977438,
                    -0.14068588614463806
                ],
                [
                    -0.0,
                    0.0,
                    0.0,
                    1.0
                ]
            ]
        },
        {
            "file_path": "./train/r_29",
            "transform_matrix": [
                [
                    -0.8158113360404968,
                    -0.5336470603942871,
                    -0.2228732407093048,
                    -7.807291507720947
                ],
                [
                    5.960463766996327e-08,
                    0.38538169860839844,
                    -0.9227571487426758,
                    8.0
                ],
                [
                    0.5783179998397827,
                    -0.7527958154678345,
                    -0.31439879536628723,
                    -11.01345443725586
                ],
                [
                    -0.0,
                    0.0,
                    -0.0,
                    1.0
                ]
            ]
        },
        {
            "file_path": "./train/r_30",
            "transform_matrix": [
                [
                    0.3233235776424408,
                    -0.15754172205924988,
                    -0.9330823421478271,
                    -12.774894714355469
                ],
                [
                    -2.6077035641947077e-08,
                    0.9860442876815796,
                    -0.1664838343858719,
                    8.000000953674316
                ],
                [
                    0.946288526058197,
                    0.053828172385692596,
                    0.3188113272190094,
                    4.364870071411133
                ],
                [
                    -0.0,
                    0.0,
                    -0.0,
                    1.0
                ]
            ]
        },
        {
            "file_path": "./train/r_31",
            "transform_matrix": [
                [
                    0.9337679147720337,
                    0.013867190107703209,
                    -0.3576103448867798,
                    -4.83136510848999
                ],
                [
                    7.4505797087454084e-09,
                    0.9992489814758301,
                    0.038748279213905334,
                    8.000000953674316
                ],
                [
                    0.3578791320323944,
                    -0.03618190065026283,
                    0.9330666661262512,
                    12.605868339538574
                ],
                [
                    -0.0,
                    0.0,
                    -0.0,
                    1.0
                ]
            ]
        },
        {
            "file_path": "./train/r_33",
            "transform_matrix": [
                [
                    -0.6052219271659851,
                    -0.7296124696731567,
                    -0.3183898627758026,
                    10.746767044067383
                ],
                [
                    -2.384185791015625e-07,
                    -0.3999585211277008,
                    0.916533350944519,
                    8.000000953674316
                ],
                [
                    -0.7960567474365234,
                    0.5547060966491699,
                    0.242063507437706,
                    -8.17049789428711
                ],
                [
                    0.0,
                    0.0,
                    -0.0,
                    1.0
                ]
            ]
        },
        {
            "file_path": "./train/r_34",
            "transform_matrix": [
                [
                    -0.9057199954986572,
                    0.11702022701501846,
                    -0.4074031710624695,
                    5.7223286628723145
                ],
                [
                    2.9802318834981634e-08,
                    -0.9611369371414185,
                    -0.276071697473526,
                    7.999999046325684
                ],
                [
                    -0.42387625575065613,
                    -0.25004369020462036,
                    0.870521068572998,
                    -12.22722053527832
                ],
                [
                    -0.0,
                    0.0,
                    0.0,
                    1.0
                ]
            ]
        },
        {
            "file_path": "./train/r_35",
            "transform_matrix": [
                [
                    0.27462226152420044,
                    -0.40452051162719727,
                    -0.8723220825195313,
                    -12.980955123901367
                ],
                [
                    4.470348358154297e-08,
                    0.9072020053863525,
                    -0.42069533467292786,
                    7.999999523162842
                ],
                [
                    0.9615522623062134,
                    0.11553225666284561,
                    0.24913787841796875,
                    3.7073988914489746
                ],
                [
                    -0.0,
                    0.0,
                    -0.0,
                    1.0
                ]
            ]
        },
        {
            "file_path": "./train/r_37",
            "transform_matrix": [
                [
                    -0.6311458945274353,
                    0.7723942399024963,
                    0.0711497887969017,
                    10.471467971801758
                ],
                [
                    2.011657045386528e-07,
                    0.09172772616147995,
                    -0.9957842230796814,
                    8.0
                ],
                [
                    -0.7756643891334534,
                    -0.6284850239753723,
                    -0.05789372697472572,
                    -8.520468711853027
                ],
                [
                    -0.0,
                    -0.0,
                    -0.0,
                    1.0
                ]
            ]
        },
        {
            "file_path": "./train/r_38",
            "transform_matrix": [
                [
                    0.07924938201904297,
                    -0.6742562651634216,
                    0.734233021736145,
                    13.457541465759277
                ],
                [
                    -3.3527612686157227e-08,
                    0.7365495562553406,
                    0.6763836741447449,
                    8.000000953674316
                ],
                [
                    -0.9968547821044922,
                    -0.05360300838947296,
                    0.058371081948280334,
                    1.0698672533035278
                ],
                [
                    -0.0,
                    0.0,
                    -0.0,
                    1.0
                ]
            ]
        },
        {
            "file_path": "./train/r_39",
            "transform_matrix": [
                [
                    0.5679590702056885,
                    0.7150540351867676,
                    -0.40757861733436584,
                    11.11126708984375
                ],
                [
                    -0.0,
                    -0.495201051235199,
                    -0.8687784671783447,
                    8.0
                ],
                [
                    -0.8230568766593933,
                    0.49343058466911316,
                    -0.2812539041042328,
                    7.667446613311768
                ],
                [
                    -0.0,
                    0.0,
                    0.0,
                    1.0
                ]
            ]
        },
        {
            "file_path": "./train/r_41",
            "transform_matrix": [
                [
                    0.02062332071363926,
                    0.9962310791015625,
                    0.08425043523311615,
                    -13.497130393981934
                ],
                [
                    -1.2805682070293756e-09,
                    -0.08426835387945175,
                    0.9964430332183838,
                    8.0
                ],
                [
                    0.9997872710227966,
                    -0.020549966022372246,
                    -0.001737892278470099,
                    0.27841490507125854
                ],
                [
                    -0.0,
                    0.0,
                    -0.0,
                    1.0
                ]
            ]
        },
        {
            "file_path": "./train/r_42",
            "transform_matrix": [
                [
                    -0.979206383228302,
                    0.040246739983558655,
                    0.19883397221565247,
                    -2.738694429397583
                ],
                [
                    1.8626444386882213e-08,
                    -0.9801228642463684,
                    0.19839051365852356,
                    8.0
                ],
                [
                    0.2028663456439972,
                    0.1942652463912964,
                    0.9597426652908325,
                    -13.219286918640137
                ],
                [
                    -0.0,
                    -0.0,
                    -0.0,
                    1.0
                ]
            ]
        },
        {
            "file_path": "./train/r_43",
            "transform_matrix": [
                [
                    -0.41311129927635193,
                    -0.7016879320144653,
                    0.5804937481880188,
                    12.29418659210205
                ],
                [
                    -1.4901157641133977e-08,
                    0.6374284625053406,
                    0.7705094814300537,
                    8.0
                ],
                [
                    -0.9106805324554443,
                    0.3183061182498932,
                    -0.2633289396762848,
                    -5.577001571655273
                ],
                [
                    0.0,
                    0.0,
                    -0.0,
                    1.0
                ]
            ]
        },
        {
            "file_path": "./train/r_45",
            "transform_matrix": [
                [
                    -0.598679780960083,
                    -0.5544348359107971,
                    -0.5780869126319885,
                    10.813345909118652
                ],
                [
                    1.3411042232291948e-07,
                    -0.7217168807983398,
                    0.6921882629394531,
                    7.999999046325684
                ],
                [
                    -0.8009884357452393,
                    0.41439902782440186,
                    0.43207746744155884,
                    -8.082176208496094
                ],
                [
                    0.0,
                    0.0,
                    -0.0,
                    1.0
                ]
            ]
        },
        {
            "file_path": "./train/r_46",
            "transform_matrix": [
                [
                    0.07532668113708496,
                    0.654267430305481,
                    -0.7525023221969604,
                    -13.461644172668457
                ],
                [
                    1.1175867342672063e-08,
                    0.7546462416648865,
                    0.6561316251754761,
                    8.0
                ],
                [
                    0.9971587657928467,
                    -0.049424223601818085,
                    0.056845005601644516,
                    1.016910433769226
                ],
                [
                    -0.0,
                    0.0,
                    -0.0,
                    1.0
                ]
            ]
        },
        {
            "file_path": "./train/r_47",
            "transform_matrix": [
                [
                    -0.9950474500656128,
                    0.008740359917283058,
                    0.09901554137468338,
                    1.3419084548950195
                ],
                [
                    6.51925713412993e-09,
                    0.9961265325546265,
                    -0.08793062716722488,
                    7.999999046325684
                ],
                [
                    -0.09940055757761002,
                    -0.08749514818191528,
                    -0.9911932349205017,
                    -13.433140754699707
                ],
                [
                    -0.0,
                    -0.0,
                    -0.0,
                    1.0
                ]
            ]
        },
        {
            "file_path": "./train/r_49",
            "transform_matrix": [
                [
                    0.9834449291229248,
                    -0.031852081418037415,
                    -0.17838545143604279,
                    -2.446294069290161
                ],
                [
                    1.6763802790364934e-08,
                    0.9844298362731934,
                    -0.1757773905992508,
                    8.000000953674316
                ],
                [
                    0.1812068372964859,
                    0.17286737263202667,
                    0.9681326746940613,
                    13.276508331298828
                ],
                [
                    -0.0,
                    0.0,
                    -0.0,
                    1.0
                ]
            ]
        },
        {
            "file_path": "./train/r_50",
            "transform_matrix": [
                [
                    0.941687822341919,
                    0.08578838407993317,
                    -0.3253680169582367,
                    4.54258394241333
                ],
                [
                    7.4505797087454084e-09,
                    -0.9669535160064697,
                    -0.25495249032974243,
                    8.000000953674316
                ],
                [
                    -0.33648771047592163,
                    0.2400856465101242,
                    -0.9105684161186218,
                    12.712785720825195
                ],
                [
                    -0.0,
                    0.0,
                    0.0,
                    1.0
                ]
            ]
        },
        {
            "file_path": "./train/r_51",
            "transform_matrix": [
                [
                    0.9985062479972839,
                    -0.0136638842523098,
                    0.052901092916727066,
                    -0.7376022338867188
                ],
                [
                    1.1175869119028903e-08,
                    -0.9682241082191467,
                    -0.25008395314216614,
                    8.0
                ],
                [
                    0.05463723465800285,
                    0.24971038103103638,
                    -0.9667778611183167,
                    13.47983455657959
                ],
                [
                    -0.0,
                    0.0,
                    -0.0,
                    1.0
                ]
            ]
        },
        {
            "file_path": "./train/r_53",
            "transform_matrix": [
                [
                    -0.2120697945356369,
                    -0.5292562246322632,
                    0.8215315341949463,
                    -13.192936897277832
                ],
                [
                    1.0430809993522416e-07,
                    -0.840652585029602,
                    -0.5415745973587036,
                    8.0
                ],
                [
                    0.9772545099258423,
                    -0.11485151201486588,
                    0.17827706038951874,
                    -2.8629403114318848
                ],
                [
                    -0.0,
                    0.0,
                    -0.0,
                    1.0
                ]
            ]
        },
        {
            "file_path": "./train/r_54",
            "transform_matrix": [
                [
                    0.7502527832984924,
                    -0.2796570062637329,
                    -0.5990933775901794,
                    -8.925540924072266
                ],
                [
                    -8.940698137394065e-08,
                    0.9061368107795715,
                    -0.4229850471019745,
                    8.000000953674316
                ],
                [
                    0.6611512899398804,
                    0.3173457086086273,
                    0.6798315644264221,
                    10.128414154052734
                ],
                [
                    -0.0,
                    0.0,
                    -0.0,
                    1.0
                ]
            ]
        },
        {
            "file_path": "./train/r_55",
            "transform_matrix": [
                [
                    -0.9963161945343018,
                    0.08052762597799301,
                    0.029487494379281998,
                    -1.1577152013778687
                ],
                [
                    2.421439049271612e-08,
                    -0.34385040402412415,
                    0.9390245079994202,
                    8.0
                ],
                [
                    0.08575669676065445,
                    0.9355652928352356,
                    0.34258368611335754,
                    -13.450268745422363
                ],
                [
                    -0.0,
                    -0.0,
                    -0.0,
                    1.0
                ]
            ]
        },
        {
            "file_path": "./train/r_57",
            "transform_matrix": [
                [
                    0.4590933322906494,
                    0.47485119104385376,
                    -0.7508326172828674,
                    11.99323844909668
                ],
                [
                    -4.470348358154297e-08,
                    -0.8451629281044006,
                    -0.5345087647438049,
                    8.0
                ],
                [
                    -0.8883880972862244,
                    0.2453894466161728,
                    -0.38800865411758423,
                    6.197761058807373
                ],
                [
                    -0.0,
                    0.0,
                    0.0,
                    1.0
                ]
            ]
        },
        {
            "file_path": "./train/r_58",
            "transform_matrix": [
                [
                    -0.4861971139907837,
                    -0.6295256614685059,
                    -0.6060608625411987,
                    -11.79696273803711
                ],
                [
                    1.4901159772762185e-07,
                    0.69355309009552,
                    -0.7204054594039917,
                    7.999999046325684
                ],
                [
                    0.8738491535186768,
                    -0.3502591550350189,
                    -0.33720341324806213,
                    -6.563661575317383
                ],
                [
                    -0.0,
                    0.0,
                    -0.0,
                    1.0
                ]
            ]
        },
        {
            "file_path": "./train/r_59",
            "transform_matrix": [
                [
                    0.7161831259727478,
                    0.6446510553359985,
                    0.2674073874950409,
                    -9.421815872192383
                ],
                [
                    -4.023313522338867e-07,
                    -0.3831528425216675,
                    0.9236849546432495,
                    7.999999523162842
                ],
                [
                    0.697912335395813,
                    -0.661527693271637,
                    -0.2744073271751404,
                    9.668474197387695
                ],
                [
                    -0.0,
                    0.0,
                    -0.0,
                    1.0
                ]
            ]
        },
        {
            "file_path": "./train/r_61",
            "transform_matrix": [
                [
                    0.9159637689590454,
                    0.12391572445631027,
                    -0.3816477060317993,
                    5.417018890380859
                ],
                [
                    -0.0,
                    -0.9511216282844543,
                    -0.3088161051273346,
                    8.0
                ],
                [
                    -0.4012605845928192,
                    0.28286436200141907,
                    -0.8711932301521301,
                    12.36551284790039
                ],
                [
                    -0.0,
                    0.0,
                    0.0,
                    1.0
                ]
            ]
        },
        {
            "file_path": "./train/r_62",
            "transform_matrix": [
                [
                    0.9869336485862732,
                    -0.13184036314487457,
                    -0.09262775629758835,
                    2.175208568572998
                ],
                [
                    7.450579175838357e-08,
                    -0.5748751759529114,
                    0.8182410597801208,
                    7.999999046325684
                ],
                [
                    -0.16112659871578217,
                    -0.8075496554374695,
                    -0.5673637390136719,
                    13.32360553741455
                ],
                [
                    -0.0,
                    0.0,
                    -0.0,
                    1.0
                ]
            ]
        },
        {
            "file_path": "./train/r_63",
            "transform_matrix": [
                [
                    0.9981603026390076,
                    0.00998490210622549,
                    0.05980096012353897,
                    0.8184892535209656
                ],
                [
                    -3.7252898543727042e-09,
                    0.9863454699516296,
                    -0.16468900442123413,
                    7.999999046325684
                ],
                [
                    -0.06062880903482437,
                    0.16438603401184082,
                    0.9845309853553772,
