{
    "camera_angle_x": 1.5968513488769531,
    "frames": [
        {
            "file_path": "./train/r_1",
            "transform_matrix": [
                [
                    0.25239133834838867,
                    -0.4764198064804077,
                    -0.8422130346298218,
                    -5.805751800537109
                ],
                [
                    -5.21540641784668e-08,
                    0.8703917264938354,
                    -0.49235987663269043,
                    2.000000238418579
                ],
                [
                    0.9676252007484436,
                    0.12426740676164627,
                    0.21967929601669312,
                    1.5143487453460693
                ],
                [
                    -0.0,
                    0.0,
                    -0.0,
                    1.0
                ]
            ]
        },
        {
            "file_path": "./train/r_2",
            "transform_matrix": [
                [
                    -0.6341492533683777,
                    0.43076205253601074,
                    -0.6421048045158386,
                    -4.639263153076172
                ],
                [
                    -2.9802311729554276e-08,
                    0.8304396271705627,
                    0.5571083426475525,
                    1.999999761581421
                ],
                [
                    0.7732105851173401,
                    0.3532898724079132,
                    -0.5266227126121521,
                    -3.8048956394195557
                ],
                [
                    -0.0,
                    -0.0,
                    -0.0,
                    1.0
                ]
            ]
        },
        {
            "file_path": "./train/r_3",
            "transform_matrix": [
                [
                    0.46062934398651123,
                    -0.03393705561757088,
                    -0.8869436979293823,
                    -5.32555627822876
                ],
                [
                    -9.31322685637781e-10,
                    0.9992688894271851,
                    -0.03823494538664818,
                    2.000000238418579
                ],
                [
                    0.8875927329063416,
                    0.017612136900424957,
                    0.4602925181388855,
                    2.7637763023376465
                ],
                [
                    -0.0,
                    0.0,
                    -0.0,
                    1.0
                ]
            ]
        },
        {
            "file_path": "./train/r_5",
            "transform_matrix": [
                [
                    0.9576570987701416,
                    0.20281821489334106,
                    -0.20434723794460297,
                    -1.7274692058563232
                ],
                [
                    -7.450581307466564e-08,
                    0.709757387638092,
                    0.7044462561607361,
                    2.000000238418579
                ],
                [
                    0.28791147470474243,
                    -0.6746179461479187,
                    0.6797041893005371,
                    5.74594259262085
                ],
                [
                    -0.0,
                    0.0,
                    -0.0,
                    1.0
                ]
            ]
        },
        {
            "file_path": "./train/r_6",
            "transform_matrix": [
                [
                    0.18342915177345276,
                    -0.39716053009033203,
                    -0.8992314338684082,
                    -5.898198127746582
                ],
                [
                    -0.0,
                    0.9147520065307617,
                    -0.40401551127433777,
                    1.999999761581421
                ],
                [
                    0.9830328822135925,
                    0.07410821318626404,
                    0.1677921861410141,
                    1.1005752086639404
                ],
                [
                    -0.0,
                    0.0,
                    -0.0,
                    1.0
                ]
            ]
        },
        {
            "file_path": "./train/r_7",
            "transform_matrix": [
                [
                    -0.7280389666557312,
                    -0.4235297739505768,
                    -0.5390563011169434,
                    -4.113214015960693
                ],
                [
                    7.450579886381092e-08,
                    0.7863284349441528,
                    -0.6178086400032043,
                    2.0
                ],
                [
                    0.6855356693267822,
                    -0.44978877902030945,
                    -0.5724778175354004,
                    -4.368234634399414
                ],
                [
                    -0.0,
                    0.0,
                    -0.0,
                    1.0
                ]
            ]
        },
        {
            "file_path": "./train/r_9",
            "transform_matrix": [
                [
                    0.8240149617195129,
                    -0.0424768291413784,
                    0.5649736523628235,
                    3.3994088172912598
                ],
                [
                    -1.1175872671742582e-08,
                    0.9971857070922852,
                    0.07497216016054153,
                    2.000000238418579
                ],
                [
                    -0.56656813621521,
                    -0.06177818775177002,
                    0.8216959238052368,
                    4.944090366363525
                ],
                [
                    -0.0,
                    0.0,
                    -0.0,
                    1.0
                ]
            ]
        },
        {
            "file_path": "./train/r_10",
            "transform_matrix": [
                [
                    -0.6221639513969421,
                    0.473210871219635,
                    -0.6236854791641235,
                    -4.697322368621826
                ],
                [
                    1.0430814256778831e-07,
                    0.7966482639312744,
                    0.6044433116912842,
                    2.000000238418579
                ],
                [
                    0.7828869819641113,
                    0.37606281042099,
                    -0.4956458806991577,
                    -3.732983112335205
                ],
                [
                    -0.0,
                    0.0,
                    0.0,
                    1.0
                ]
            ]
        },
        {
            "file_path": "./train/r_11",
            "transform_matrix": [
                [
                    -0.9661194682121277,
                    -0.0729205384850502,
                    -0.24757979810237885,
                    -1.548572063446045
                ],
                [
                    -0.0,
                    0.9592574238777161,
                    -0.2825334072113037,
                    1.999999761581421
                ],
                [
                    0.25809526443481445,
                    -0.2729610204696655,
                    -0.9267573356628418,
                    -5.796717643737793
                ],
                [
                    -0.0,
                    0.0,
                    0.0,
                    1.0
                ]
            ]
        },
        {
            "file_path": "./train/r_13",
            "transform_matrix": [
                [
                    -0.21162249147891998,
                    0.5451727509498596,
                    0.8111734986305237,
                    5.864109039306641
                ],
                [
                    3.725289587919178e-08,
                    0.8299710750579834,
                    -0.5578062534332275,
                    2.0
                ],
                [
                    -0.9773513674736023,
                    -0.11804431676864624,
                    -0.17564056813716888,
                    -1.2697346210479736
                ],
                [
                    -0.0,
                    -0.0,
                    -0.0,
                    1.0
                ]
            ]
        },
        {
            "file_path": "./train/r_14",
            "transform_matrix": [
                [
                    -0.9373929500579834,
                    0.1464037299156189,
                    -0.31600698828697205,
                    -2.0896406173706055
                ],
                [
                    -4.470348358154297e-08,
                    0.9073527455329895,
                    0.42037007212638855,
                    2.0
                ],
                [
                    0.3482735753059387,
                    0.3940519392490387,
                    -0.8505460619926453,
                    -5.624358177185059
                ],
                [
                    -0.0,
                    -0.0,
                    -0.0,
                    1.0
                ]
            ]
        },
        {
            "file_path": "./train/r_15",
            "transform_matrix": [
                [
                    0.8569261431694031,
                    0.018606815487146378,
                    0.5151033401489258,
                    3.092634916305542
                ],
                [
                    7.450580596923828e-09,
                    0.9993482828140259,
                    -0.03609896078705788,
                    2.000000238418579
                ],
                [
                    -0.5154393315315247,
                    0.03093414381146431,
                    0.8563676476478577,
                    5.141557693481445
                ],
                [
                    -0.0,
                    -0.0,
                    -0.0,
                    1.0
                ]
            ]
        },
        {
            "file_path": "./train/r_17",
            "transform_matrix": [
                [
                    -0.2820151746273041,
                    -0.13123126327991486,
                    -0.9503924250602722,
                    -5.756459712982178
                ],
                [
                    1.862644793959589e-08,
                    0.9906008839607239,
                    -0.13678333163261414,
                    2.0
                ],
                [
                    0.9594098329544067,
                    -0.03857498988509178,
                    -0.27936452627182007,
                    -1.692091941833496
                ],
                [
                    -0.0,
                    0.0,
                    -0.0,
                    1.0
                ]
            ]
        },
        {
            "file_path": "./train/r_18",
            "transform_matrix": [
                [
                    -0.9055472016334534,
                    0.29788148403167725,
                    -0.3020775318145752,
                    -2.5454728603363037
                ],
                [
                    -1.4901159417490817e-08,
                    0.7120347619056702,
                    0.7021442651748657,
                    2.000000238418579
                ],
                [
                    0.4242454767227173,
                    0.6358247399330139,
                    -0.6447811126708984,
                    -5.433283805847168
                ],
                [
                    -0.0,
                    -0.0,
                    -0.0,
                    1.0
                ]
            ]
        },
        {
            "file_path": "./train/r_19",
            "transform_matrix": [
                [
                    -0.8716578483581543,
                    -0.029818985611200333,
                    -0.4892067611217499,
                    -2.940688133239746
                ],
                [
                    1.8626449271863521e-09,
                    0.9981474280357361,
                    -0.06084084138274193,
                    1.999999761581421
                ],
                [
                    0.49011465907096863,
                    -0.05303239822387695,
                    -0.8700432181358337,
                    -5.229948043823242
                ],
                [
                    -0.0,
                    0.0,
                    -0.0,
                    1.0
                ]
            ]
        },
        {
            "file_path": "./train/r_21",
            "transform_matrix": [
                [
                    0.5260257124900818,
                    -0.277828186750412,
                    -0.8038086891174316,
                    -5.10281229019165
                ],
                [
                    -0.0,
                    0.9451360702514648,
                    -0.32667654752731323,
                    2.000000238418579
                ],
                [
                    0.8504686951637268,
                    0.17184025049209595,
                    0.49716588854789734,
                    3.156154155731201
                ],
                [
                    -0.0,
                    0.0,
                    -0.0,
                    1.0
                ]
            ]
        },
        {
            "file_path": "./train/r_22",
            "transform_matrix": [
                [
                    -0.939504861831665,
                    -0.2205749899148941,
                    -0.26206308603286743,
                    -2.0552117824554443
                ],
                [
                    -2.9802318834981634e-08,
                    0.7650689482688904,
                    -0.6439481973648071,
                    1.999999761581421
                ],
                [
                    0.34253525733947754,
                    -0.6049925088882446,
                    -0.7187861204147339,
                    -5.63702917098999
                ],
                [
                    -0.0,
                    0.0,
                    0.0,
                    1.0
                ]
            ]
        },
        {
            "file_path": "./train/r_23",
            "transform_matrix": [
                [
                    -0.5905274748802185,
                    0.2644931972026825,
                    -0.7624438405036926,
                    -4.842104911804199
                ],
                [
                    -0.0,
                    0.9447673559188843,
                    0.3277415931224823,
                    2.0
                ],
                [
                    0.8070175051689148,
                    0.19354039430618286,
                    -0.5579110980033875,
                    -3.5431647300720215
                ],
                [
                    -0.0,
                    -0.0,
                    -0.0,
                    1.0
                ]
            ]
        },
        {
            "file_path": "./train/r_25",
            "transform_matrix": [
                [
                    0.9094814658164978,
                    0.1341094821691513,
                    -0.3935200273990631,
                    -2.494466543197632
                ],
                [
                    -1.4901159417490817e-08,
                    0.9465432167053223,
                    0.32257673144340515,
                    2.0
                ],
                [
                    0.4157443940639496,
                    -0.293377548456192,
                    0.8608635067939758,
                    5.456888675689697
                ],
                [
                    -0.0,
                    0.0,
                    -0.0,
                    1.0
                ]
            ]
        },
        {
            "file_path": "./train/r_26",
            "transform_matrix": [
                [
                    -0.6576468348503113,
                    0.42006930708885193,
                    -0.6253339052200317,
                    -4.51995849609375
                ],
                [
                    -4.470348358154297e-08,
                    0.8300969004631042,
                    0.5576192736625671,
                    1.9999998807907104
                ],
                [
                    0.7533265352249146,
                    0.36671653389930725,
                    -0.5459105372428894,
                    -3.9458811283111572
                ],
                [
                    -0.0,
                    -0.0,
                    -0.0,
                    1.0
                ]
            ]
        },
        {
            "file_path": "./train/r_27",
            "transform_matrix": [
                [
                    0.6934549808502197,
                    0.4880034327507019,
                    -0.5300685167312622,
                    -4.322999000549316
                ],
                [
                    -0.0,
                    0.7356954216957092,
                    0.6773123145103455,
                    2.000000238418579
                ],
                [
                    0.7204998135566711,
                    -0.4696856439113617,
                    0.5101717710494995,
                    4.160730361938477
                ],
                [
                    -0.0,
                    0.0,
                    -0.0,
                    1.0
                ]
            ]
        },
        {
            "file_path": "./train/r_29",
            "transform_matrix": [
                [
                    0.10626260936260223,
                    -0.3164758086204529,
                    -0.9426299333572388,
                    -5.966028690338135
                ],
                [
                    1.1175868230850483e-08,
                    0.9479973316192627,
                    -0.31827789545059204,
                    2.000000238418579
                ],
                [
                    0.9943380355834961,
                    0.03382102772593498,
                    0.10073668509721756,
                    0.6375755071640015
                ],
                [
                    -0.0,
                    0.0,
                    -0.0,
                    1.0
                ]
            ]
        },
        {
            "file_path": "./train/r_30",
            "transform_matrix": [
                [
                    -0.9651308655738831,
                    0.0693667009472847,
                    0.2524096965789795,
                    1.570607304573059
                ],
                [
                    1.4901162970204496e-08,
                    0.9642503261566162,
                    -0.26499319076538086,
                    1.9999998807907104
                ],
                [
                    -0.26176780462265015,
                    -0.2557530999183655,
                    -0.9306277632713318,
                    -5.790785789489746
                ],
                [
                    -0.0,
                    -0.0,
                    -0.0,
                    1.0
                ]
            ]
        },
        {
            "file_path": "./train/r_31",
            "transform_matrix": [
                [
                    -0.980579137802124,
                    0.11288787424564362,
                    0.16037732362747192,
                    1.1767432689666748
                ],
                [
                    1.4901161193847656e-08,
                    0.8177350759506226,
                    -0.5755947828292847,
                    2.000000238418579
                ],
                [
                    -0.19612383842468262,
                    -0.564416229724884,
                    -0.8018539547920227,
                    -5.883474826812744
                ],
                [
                    -0.0,
                    -0.0,
                    -0.0,
                    1.0
                ]
            ]
        },
        {
            "file_path": "./train/r_33",
            "transform_matrix": [
                [
                    0.9204269647598267,
                    -0.21895188093185425,
                    0.3238430321216583,
                    2.345487117767334
                ],
                [
                    -1.4901161193847656e-08,
                    0.8284239768981934,
                    0.5601015686988831,
                    1.9999998807907104
                ],
                [
                    -0.3909146189689636,
                    -0.5155326128005981,
                    0.7625037431716919,
                    5.522562026977539
                ],
                [
                    -0.0,
                    0.0,
                    -0.0,
                    1.0
                ]
            ]
        },
        {
            "file_path": "./train/r_34",
            "transform_matrix": [
                [
                    -0.9528839588165283,
                    0.05299235135316849,
                    -0.2986699640750885,
                    -1.8200082778930664
                ],
                [
                    -7.450577932388569e-09,
                    0.9846216440200806,
                    0.17469929158687592,
                    1.999999761581421
                ],
                [
                    0.30333471298217773,
                    0.16646814346313477,
                    -0.9382303357124329,
                    -5.717304229736328
                ],
                [
                    -0.0,
                    -0.0,
                    -0.0,
                    1.0
                ]
            ]
        },
        {
            "file_path": "./train/r_35",
            "transform_matrix": [
                [
                    0.7388052940368652,
                    -0.06503448635339737,
                    0.6707735061645508,
                    4.043513774871826
                ],
                [
                    -0.0,
                    0.9953325986862183,
                    0.09650193899869919,
                    2.0
                ],
                [
                    -0.6739188432693481,
                    -0.07129614800214767,
                    0.7353571057319641,
                    4.432830810546875
                ],
                [
                    -0.0,
                    0.0,
                    -0.0,
                    1.0
                ]
            ]
        },
        {
            "file_path": "./train/r_37",
            "transform_matrix": [
                [
                    0.3973579406738281,
                    -0.5691956877708435,
                    -0.7198075652122498,
                    -5.505982398986816
                ],
                [
                    -8.940696716308594e-08,
                    0.784391462802887,
                    -0.6202661395072937,
                    2.000000238418579
                ],
                [
                    0.9176636934280396,
                    0.246467724442482,
                    0.31168416142463684,
                    2.384148120880127
                ],
                [
                    -0.0,
                    0.0,
                    -0.0,
                    1.0
                ]
            ]
        },
        {
            "file_path": "./train/r_38",
            "transform_matrix": [
                [
                    0.9884320497512817,
                    -0.1052115187048912,
                    0.10923567414283752,
                    0.9099826812744141
                ],
                [
                    1.4901157641133977e-08,
                    0.7202489376068115,
                    0.6937154531478882,
                    2.0
                ],
                [
                    -0.15166378021240234,
                    -0.6856906414031982,
                    0.7119172215461731,
                    5.9305925369262695
                ],
                [
                    -0.0,
                    0.0,
                    -0.0,
                    1.0
                ]
            ]
        },
        {
            "file_path": "./train/r_39",
            "transform_matrix": [
                [
                    0.9035360217094421,
                    -0.10018636286258698,
                    -0.4166354835033417,
                    -2.5710718631744385
                ],
                [
                    2.2351736461700966e-08,
                    0.9722844362258911,
                    -0.23380061984062195,
                    2.0
                ],
                [
                    0.4285118877887726,
                    0.2112472951412201,
                    0.878494143486023,
                    5.421215534210205
                ],
                [
                    -0.0,
                    0.0,
                    -0.0,
                    1.0
                ]
            ]
        },
        {
            "file_path": "./train/r_41",
            "transform_matrix": [
                [
                    0.6497991681098938,
                    -0.29899439215660095,
                    -0.6988300085067749,
                    -4.560635566711426
                ],
                [
                    -0.0,
                    0.9193849563598633,
                    -0.39335882663726807,
                    1.999999761581421
                ],
                [
                    0.7601059675216675,
                    0.25560423731803894,
                    0.5974156260490417,
                    3.8987948894500732
                ],
                [
                    -0.0,
                    0.0,
                    -0.0,
                    1.0
                ]
            ]
        },
        {
            "file_path": "./train/r_42",
            "transform_matrix": [
                [
                    0.8455923795700073,
                    0.09577961266040802,
                    -0.5251663327217102,
                    -3.202974557876587
                ],
                [
                    -2.9802318834981634e-08,
                    0.9837725162506104,
                    0.17941997945308685,
                    2.0
                ],
                [
                    0.5338289737701416,
                    -0.1517161726951599,
                    0.8318705558776855,
                    5.073554515838623
                ],
                [
                    -0.0,
                    0.0,
                    -0.0,
                    1.0
                ]
            ]
        },
        {
            "file_path": "./train/r_43",
            "transform_matrix": [
                [
                    -0.8092688322067261,
                    0.03991253301501274,
                    0.5860809683799744,
                    3.5246315002441406
                ],
                [
                    7.4505797087454084e-09,
                    0.9976891279220581,
                    -0.06794333457946777,
                    2.000000238418579
                ],
                [
                    -0.5874384641647339,
                    -0.05498441308736801,
                    -0.8073987364768982,
                    -4.855612754821777
                ],
                [
                    -0.0,
                    -0.0,
                    -0.0,
                    1.0
                ]
            ]
        },
        {
            "file_path": "./train/r_45",
            "transform_matrix": [
                [
                    -0.1704750508069992,
                    0.13203787803649902,
                    0.9764753580093384,
                    5.912171840667725
                ],
                [
                    9.313224857976365e-09,
                    0.9909813404083252,
                    -0.13399936258792877,
                    2.000000238418579
                ],
                [
                    -0.9853619337081909,
                    -0.022843539714813232,
                    -0.1689375936985016,
                    -1.0228497982025146
                ],
                [
                    -0.0,
                    -0.0,
                    -0.0,
                    1.0
                ]
            ]
        },
        {
            "file_path": "./train/r_46",
            "transform_matrix": [
                [
                    -0.9850273728370667,
                    -0.06845486164093018,
                    -0.15822391211986542,
                    -1.0343846082687378
                ],
                [
                    -0.0,
                    0.9177855849266052,
                    -0.3970758616924286,
                    1.999999761581421
                ],
                [
                    0.1723974347114563,
                    -0.39113059639930725,
                    -0.9040441513061523,
                    -5.910164833068848
                ],
                [
                    -0.0,
                    0.0,
                    -0.0,
                    1.0
                ]
            ]
        },
        {
            "file_path": "./train/r_47",
            "transform_matrix": [
                [
                    0.9940389394760132,
                    0.07705434411764145,
                    0.07713143527507782,
                    0.6541550755500793
                ],
                [
                    -7.450580596923828e-09,
                    0.707460343837738,
                    -0.706753134727478,
                    2.0
                ],
                [
                    -0.10902582108974457,
                    0.7025400996208191,
                    0.7032431364059448,
                    5.964233875274658
                ],
                [
                    -0.0,
                    -0.0,
                    -0.0,
                    1.0
                ]
            ]
        },
        {
            "file_path": "./train/r_49",
            "transform_matrix": [
                [
                    0.0307257492095232,
                    -0.5102378129959106,
                    0.8594842553138733,
                    5.997167587280273
                ],
                [
                    9.313224635931761e-10,
                    0.8598902225494385,
                    0.5104787945747375,
                    1.999999761581421
                ],
                [
                    -0.9995278120040894,
                    -0.01568484492599964,
                    0.026420773938298225,
                    0.18435446918010712
                ],
                [
                    -0.0,
                    0.0,
                    -0.0,
                    1.0
                ]
            ]
        },
        {
            "file_path": "./train/r_50",
            "transform_matrix": [
                [
                    -0.9902718663215637,
                    0.044995810836553574,
                    -0.13166987895965576,
                    -0.834875226020813
                ],
                [
                    -1.4901159417490817e-08,
                    0.9462720155715942,
                    0.323371559381485,
                    2.0
                ],
                [
                    0.13914591073989868,
                    0.3202257454395294,
                    -0.9370666146278381,
                    -5.941631317138672
                ],
                [
                    -0.0,
                    -0.0,
                    -0.0,
                    1.0
                ]
            ]
        },
        {
            "file_path": "./train/r_51",
            "transform_matrix": [
                [
                    -0.9995506405830383,
                    0.016719486564397812,
                    -0.02487855590879917,
                    -0.17984835803508759
                ],
                [
                    9.313224635931761e-10,
                    0.8299846053123474,
                    0.5577861666679382,
                    2.0
                ],
                [
                    0.029974721372127533,
                    0.5575355291366577,
                    -0.8296116590499878,
                    -5.997304439544678
                ],
                [
                    -0.0,
                    0.0,
                    0.0,
                    1.0
                ]
            ]
        },
        {
            "file_path": "./train/r_53",
            "transform_matrix": [
                [
                    -0.9995750784873962,
                    -0.0017665517516434193,
                    -0.029094673693180084,
                    -0.17488953471183777
                ],
                [
                    1.1641532182693481e-10,
                    0.998161792755127,
                    -0.06060575321316719,
                    2.0
                ],
                [
                    0.029148254543542862,
                    -0.06058000028133392,
                    -0.99773770570755,
                    -5.997450351715088
                ],
                [
                    -0.0,
                    0.0,
                    -0.0,
                    1.0
                ]
            ]
        },
        {
            "file_path": "./train/r_54",
            "transform_matrix": [
                [
                    0.9659601449966431,
                    0.15594319999217987,
                    -0.20640400052070618,
                    -1.552144169807434
                ],
                [
                    3.725289587919178e-08,
                    0.7978792190551758,
                    0.6028172969818115,
                    2.000000238418579
                ],
                [
                    0.258690744638443,
                    -0.5822974443435669,
                    0.770719587802887,
                    5.795761585235596
                ],
                [
                    -0.0,
                    0.0,
                    -0.0,
                    1.0
                ]
            ]
        },
        {
            "file_path": "./train/r_55",
            "transform_matrix": [
                [
                    0.5845164060592651,
                    0.023945437744259834,
                    0.8110283613204956,
                    4.86829137802124
                ],
                [
                    -0.0,
                    0.9995642900466919,
                    -0.02951192297041416,
                    2.0
                ],
                [
                    -0.8113818168640137,
                    0.01725020445883274,
                    0.5842618346214294,
                    3.5070981979370117
                ],
                [
                    -0.0,
                    -0.0,
                    -0.0,
                    1.0
                ]
            ]
        },
        {
            "file_path": "./train/r_57",
            "transform_matrix": [
                [
                    -0.9865519404411316,
                    -0.08629284054040909,
                    -0.13881200551986694,
                    -0.9806874990463257
                ],
                [
                    -0.0,
                    0.8492734432220459,
                    -0.5279530882835388,
                    2.0
                ],
                [
                    0.16344793140888214,
                    -0.5208531618118286,
                    -0.837852418422699,
                    -5.9193115234375
                ],
                [
                    -0.0,
                    0.0,
                    -0.0,
                    1.0
                ]
            ]
        },
        {
            "file_path": "./train/r_58",
            "transform_matrix": [
                [
                    0.9392601251602173,
                    0.23632553219795227,
                    0.24887871742248535,
                    2.059236526489258
                ],
                [
                    -1.4901159417490817e-08,
                    0.7251583933830261,
                    -0.6885820031166077,
                    2.0
                ],
                [
                    -0.3432060778141022,
                    0.6467576622962952,
                    0.6811123490333557,
                    5.635560989379883
                ],
                [
                    -0.0,
                    -0.0,
                    -0.0,
                    1.0
                ]
            ]
        },
        {
            "file_path": "./train/r_59",
            "transform_matrix": [
                [
                    -0.5903575420379639,
                    0.38495296239852905,
                    -0.7094286680221558,
                    -4.842851638793945
                ],
                [
                    -4.470347292340193e-08,
                    0.8789392113685608,
                    0.4769335091114044,
                    2.0
                ],
                [
                    0.8071417808532715,
                    0.28156131505966187,
                    -0.5188884139060974,
                    -3.542145252227783
                ],
                [
                    -0.0,
                    -0.0,
                    -0.0,
                    1.0
                ]
            ]
        },
        {
            "file_path": "./train/r_61",
            "transform_matrix": [
                [
                    -0.6619275808334351,
                    -0.07558523118495941,
                    0.7457470893859863,
                    4.497406005859375
                ],
                [
                    7.4505797087454084e-09,
                    0.9949027299880981,
                    0.10083842277526855,
                    1.999999761581421
                ],
                [
                    -0.7495678067207336,
                    0.0667477399110794,
                    -0.6585536003112793,
                    -3.9715654850006104
                ],
                [
                    0.0,
                    0.0,
                    -0.0,
                    1.0
                ]
            ]
        },
        {
            "file_path": "./train/r_62",
            "transform_matrix": [
                [
                    0.9380570650100708,
                    0.2062959223985672,
                    -0.2783719003200531,
                    -2.0788846015930176
                ],
                [
                    1.4901162970204496e-08,
                    0.8034268021583557,
                    0.5954036712646484,
                    1.9999998807907104
                ],
                [
                    0.34648075699806213,
                    -0.558522641658783,
                    0.7536602020263672,
                    5.628342628479004
                ],
                [
                    -0.0,
                    0.0,
                    -0.0,
                    1.0
                ]
            ]
        },
        {
            "file_path": "./train/r_63",
            "transform_matrix": [
                [
                    -0.6240090727806091,
                    0.36133432388305664,
                    0.6928565502166748,
                    4.688502788543701
                ],
                [
                    -2.9802318834981634e-08,
                    0.8866666555404663,
                    -0.46240901947021484,
                    2.000000238418579
                ],
                [
                    -0.7814170718193054,
                    -0.28854742646217346,
                    -0.5532879829406738,
                    -3.7440543174743652
                ],
                [
