{
    "camera_angle_x": 1.623098373413086,
    "frames": [
        {
            "file_path": "./train/r_1",
            "transform_matrix": [
                [
                    0.9938502311706543,
                    -0.008424883708357811,
                    0.11041194945573807,
                    0.4982979893684387
                ],
                [
                    -2.7939677238464355e-09,
                    0.9971014857292175,
                    0.07608294486999512,
                    2.5
                ],
                [
                    -0.11073291301727295,
                    -0.0756150558590889,
                    0.9909694790840149,
                    4.472326278686523
                ],
                [
                    -0.0,
                    0.0,
                    -0.0,
                    1.0
                ]
            ]
        },
        {
            "file_path": "./train/r_2",
            "transform_matrix": [
                [
                    -0.9169617891311646,
                    0.0632736012339592,
                    0.39392590522766113,
                    1.7953883409500122
                ],
                [
                    7.450580596923828e-09,
                    0.98734450340271,
                    -0.15859031677246094,
                    2.500000476837158
                ],
                [
                    -0.3989751636981964,
                    -0.14542125165462494,
                    -0.9053571224212646,
                    -4.126327991485596
                ],
                [
                    -0.0,
                    -0.0,
                    -0.0,
                    1.0
                ]
            ]
        },
        {
            "file_path": "./train/r_3",
            "transform_matrix": [
                [
                    -0.9993857741355896,
                    -0.0069905538111925125,
                    -0.03433644399046898,
                    -0.15768370032310486
                ],
                [
                    -0.0,
                    0.9798982739448547,
                    -0.19949743151664734,
                    2.499999761581421
                ],
                [
                    0.03504081815481186,
                    -0.19937489926815033,
                    -0.9792965650558472,
                    -4.497236728668213
                ],
                [
                    -0.0,
                    0.0,
                    -0.0,
                    1.0
                ]
            ]
        },
        {
            "file_path": "./train/r_5",
            "transform_matrix": [
                [
                    -0.9864644408226013,
                    -0.027705145999789238,
                    -0.16161726415157318,
                    -0.737886369228363
                ],
                [
                    -1.8626449271863521e-09,
                    0.9856228232383728,
                    -0.168959841132164,
                    2.499999761581421
                ],
                [
                    0.16397471725940704,
                    -0.16667288541793823,
                    -0.9722819924354553,
                    -4.439090251922607
                ],
                [
                    -0.0,
                    0.0,
                    0.0,
                    1.0
                ]
            ]
        },
        {
            "file_path": "./train/r_6",
            "transform_matrix": [
                [
                    -0.014759307727217674,
                    -0.4919011890888214,
                    0.8705258965492249,
                    4.499510288238525
                ],
                [
                    -4.656611762854368e-10,
                    0.8706206679344177,
                    0.49195483326911926,
                    2.5
                ],
                [
                    -0.9998910427093506,
                    0.0072609116323292255,
                    -0.012849760241806507,
                    -0.06641688942909241
                ],
                [
                    0.0,
                    0.0,
                    -0.0,
                    1.0
                ]
            ]
        },
        {
            "file_path": "./train/r_7",
            "transform_matrix": [
                [
                    -0.25612983107566833,
                    -0.40436139702796936,
                    0.8780030608177185,
                    4.349891185760498
                ],
                [
                    7.450580596923828e-09,
                    0.908301830291748,
                    0.4183153808116913,
                    2.500000238418579
                ],
                [
                    -0.966642439365387,
                    0.10714305192232132,
                    -0.23264317214488983,
                    -1.152584195137024
                ],
                [
                    0.0,
                    0.0,
                    -0.0,
                    1.0
                ]
            ]
        },
        {
            "file_path": "./train/r_9",
            "transform_matrix": [
                [
                    -0.6264733672142029,
                    0.03952012583613396,
                    0.7784401774406433,
                    3.5074925422668457
                ],
                [
                    -3.7252898543727042e-09,
                    0.9987137317657471,
                    -0.05070304498076439,
                    2.500000238418579
                ],
                [
                    -0.7794428467750549,
                    -0.031764112412929535,
                    -0.6256675720214844,
                    -2.8191301822662354
                ],
                [
                    -0.0,
                    -0.0,
                    -0.0,
                    1.0
                ]
            ]
        },
        {
            "file_path": "./train/r_10",
            "transform_matrix": [
                [
                    -0.6755885481834412,
                    -0.46773162484169006,
                    -0.5699185729026794,
                    -3.3177545070648193
                ],
                [
                    7.450579886381092e-08,
                    0.7730026245117188,
                    -0.6344026923179626,
                    2.5
                ],
                [
                    0.7372788190841675,
                    -0.4285952150821686,
                    -0.5222317576408386,
                    -3.0401484966278076
                ],
                [
                    -0.0,
                    0.0,
                    -0.0,
                    1.0
                ]
            ]
        },
        {
            "file_path": "./train/r_11",
            "transform_matrix": [
                [
                    -0.9823701977729797,
                    0.08921106159687042,
                    0.16428722441196442,
                    0.84125816822052
                ],
                [
                    -7.450580596923828e-09,
                    0.8787938356399536,
                    -0.4772017002105713,
                    2.500000238418579
                ],
                [
                    -0.18694627285003662,
                    -0.4687887132167816,
                    -0.8633008003234863,
                    -4.420665740966797
                ],
                [
                    -0.0,
                    -0.0,
                    -0.0,
                    1.0
                ]
            ]
        },
        {
            "file_path": "./train/r_13",
            "transform_matrix": [
                [
                    0.9849311113357544,
                    -0.02254813350737095,
                    0.1714709848165512,
                    0.7782622575759888
                ],
                [
                    -3.725290298461914e-09,
                    0.9914646148681641,
                    0.13037586212158203,
                    2.5
                ],
                [
                    -0.17294715344905853,
                    -0.12841124832630157,
                    0.9765243530273438,
                    4.432189464569092
                ],
                [
                    -0.0,
                    0.0,
                    -0.0,
                    1.0
                ]
            ]
        },
        {
            "file_path": "./train/r_14",
            "transform_matrix": [
                [
                    0.5498910546302795,
                    0.05967085063457489,
                    0.8331021070480347,
                    3.75856351852417
                ],
                [
                    3.7252894102834944e-09,
                    0.9974446296691895,
                    -0.0714418813586235,
                    2.5
                ],
                [
                    -0.8352363705635071,
                    0.03928525000810623,
                    0.5484858751296997,
                    2.474510431289673
                ],
                [
                    -0.0,
                    -0.0,
                    -0.0,
                    1.0
                ]
            ]
        },
        {
            "file_path": "./train/r_15",
            "transform_matrix": [
                [
                    -0.9302297234535217,
                    0.03441441431641579,
                    0.36536070704460144,
                    1.6514006853103638
                ],
                [
                    -3.725290298461914e-09,
                    0.9955931305885315,
                    -0.09377788752317429,
                    2.500000238418579
                ],
                [
                    -0.3669779598712921,
                    -0.0872349739074707,
                    -0.9261301755905151,
                    -4.186033725738525
                ],
                [
                    -0.0,
                    -0.0,
                    -0.0,
                    1.0
                ]
            ]
        },
        {
            "file_path": "./train/r_17",
            "transform_matrix": [
                [
                    -0.876738429069519,
                    -0.23027409613132477,
                    -0.4222603142261505,
                    -2.1643543243408203
                ],
                [
                    -0.0,
                    0.8779390454292297,
                    -0.47877246141433716,
                    2.5
                ],
                [
                    0.4809677302837372,
                    -0.4197581708431244,
                    -0.7697228193283081,
                    -3.9453225135803223
                ],
                [
                    -0.0,
                    0.0,
                    -0.0,
                    1.0
                ]
            ]
        },
        {
            "file_path": "./train/r_18",
            "transform_matrix": [
                [
                    0.5857078433036804,
                    0.17047016322612762,
                    0.7923926711082458,
                    3.6473500728607178
                ],
                [
                    -1.4901159417490817e-08,
                    0.9776322245597839,
                    -0.2103213667869568,
                    2.5
                ],
                [
                    -0.810522198677063,
                    0.123186856508255,
                    0.5726068615913391,
                    2.6356847286224365
                ],
                [
                    -0.0,
                    -0.0,
                    -0.0,
                    1.0
                ]
            ]
        },
        {
            "file_path": "./train/r_19",
            "transform_matrix": [
                [
                    0.8584485054016113,
                    -0.20960243046283722,
                    0.4681161940097809,
                    2.3080480098724365
                ],
                [
                    -7.450577754752885e-08,
                    0.912685751914978,
                    0.4086618721485138,
                    2.500000238418579
                ],
                [
                    -0.5128995776176453,
                    -0.35081520676612854,
                    0.7834938168525696,
                    3.863018751144409
                ],
                [
                    -0.0,
                    0.0,
                    -0.0,
                    1.0
                ]
            ]
        },
        {
            "file_path": "./train/r_21",
            "transform_matrix": [
                [
                    -0.9004983901977539,
                    0.292997807264328,
                    0.32133305072784424,
                    1.95686674118042
                ],
                [
                    -2.9802318834981634e-08,
                    0.7389355301856995,
                    -0.6737760901451111,
                    2.500000238418579
                ],
                [
                    -0.43485933542251587,
                    -0.6067342758178711,
                    -0.6654102206230164,
                    -4.052242279052734
                ],
                [
                    -0.0,
                    -0.0,
                    -0.0,
                    1.0
                ]
            ]
        },
        {
            "file_path": "./train/r_22",
            "transform_matrix": [
                [
                    -0.9076213240623474,
                    -0.08535829186439514,
                    0.41102007031440735,
                    1.8890544176101685
                ],
                [
                    1.4901159417490817e-08,
                    0.9791090488433838,
                    0.20333577692508698,
                    2.500000238418579
                ],
                [
                    -0.4197898805141449,
                    0.1845518946647644,
                    -0.8886603116989136,
                    -4.084296226501465
                ],
                [
                    0.0,
                    0.0,
                    -0.0,
                    1.0
                ]
            ]
        },
        {
            "file_path": "./train/r_23",
            "transform_matrix": [
                [
                    0.993869960308075,
                    -0.07484614849090576,
                    0.08136565238237381,
                    0.4974956214427948
                ],
                [
                    -7.450578820566989e-09,
                    0.735977053642273,
                    0.6770063638687134,
                    2.5
                ],
                [
                    -0.11055456846952438,
                    -0.6728562712669373,
                    0.7314656376838684,
                    4.472415447235107
                ],
                [
                    -0.0,
                    0.0,
                    -0.0,
                    1.0
                ]
            ]
        },
        {
            "file_path": "./train/r_25",
            "transform_matrix": [
                [
                    0.033884625881910324,
                    0.5583503842353821,
                    -0.8289129137992859,
                    -4.497416019439697
                ],
                [
                    -0.0,
                    0.8293891549110413,
                    0.558671236038208,
                    2.500000238418579
                ],
                [
                    0.9994257688522339,
                    -0.01893036626279354,
                    0.028103545308113098,
                    0.1524808257818222
                ],
                [
                    -0.0,
                    0.0,
                    -0.0,
                    1.0
                ]
            ]
        },
        {
            "file_path": "./train/r_26",
            "transform_matrix": [
                [
                    0.9667322635650635,
                    0.04858716204762459,
                    0.25113391876220703,
                    1.1510586738586426
                ],
                [
                    -7.450581485102248e-09,
                    0.9817941188812256,
                    -0.18994878232479095,
                    2.499999761581421
                ],
                [
                    -0.2557908594608307,
                    0.1836295872926712,
                    0.949131965637207,
                    4.350294589996338
                ],
                [
                    -0.0,
                    -0.0,
                    -0.0,
                    1.0
                ]
            ]
        },
        {
            "file_path": "./train/r_27",
            "transform_matrix": [
                [
                    0.5761119723320007,
                    0.4561735689640045,
                    0.6782333850860596,
                    3.678168296813965
                ],
                [
                    -1.4901157641133977e-08,
                    0.8297744393348694,
                    -0.5580987930297852,
                    2.499999523162842
                ],
                [
                    -0.8173706531524658,
                    0.321527361869812,
                    0.4780430793762207,
                    2.5925040245056152
                ],
                [
                    -0.0,
                    -0.0,
                    -0.0,
                    1.0
                ]
            ]
        },
        {
            "file_path": "./train/r_29",
            "transform_matrix": [
                [
                    0.47023826837539673,
                    0.04022880643606186,
                    0.8816220760345459,
                    3.9714276790618896
                ],
                [
                    -1.8626449271863521e-09,
                    0.9989604949951172,
                    -0.04558300971984863,
                    2.499999761581421
                ],
                [
                    -0.8825394511222839,
                    0.021434873342514038,
                    0.46974948048591614,
                    2.116072177886963
                ],
                [
                    -0.0,
                    -0.0,
                    -0.0,
                    1.0
                ]
            ]
        },
        {
            "file_path": "./train/r_30",
            "transform_matrix": [
                [
                    -0.5716356039047241,
                    0.23299984633922577,
                    0.7867299318313599,
                    3.692284345626831
                ],
                [
                    -1.4901161193847656e-08,
                    0.9588330984115601,
                    -0.2839704155921936,
                    2.500000476837158
                ],
                [
                    -0.8205075860023499,
                    -0.1623275876045227,
                    -0.5481031537055969,
                    -2.5723607540130615
                ],
                [
                    -0.0,
                    -0.0,
                    -0.0,
                    1.0
                ]
            ]
        },
        {
            "file_path": "./train/r_31",
            "transform_matrix": [
                [
                    -0.9650082588195801,
                    -0.16504524648189545,
                    0.20376214385032654,
                    1.1799870729446411
                ],
                [
                    -2.2351738238057806e-08,
                    0.7770677804946899,
                    0.6294168829917908,
                    2.500000238418579
                ],
                [
                    -0.26221928000450134,
                    0.6073924899101257,
                    -0.7498769760131836,
                    -4.342538356781006
                ],
                [
                    0.0,
                    0.0,
                    -0.0,
                    1.0
                ]
            ]
        },
        {
            "file_path": "./train/r_33",
            "transform_matrix": [
                [
                    -0.9592798352241516,
                    0.07505525648593903,
                    -0.2723025977611542,
                    -1.2710570096969604
                ],
                [
                    -2.2351736461700966e-08,
                    0.9640493392944336,
                    0.26572272181510925,
                    2.499999523162842
                ],
                [
                    0.2824570834636688,
                    0.2549024820327759,
                    -0.9247931838035583,
                    -4.3167595863342285
                ],
                [
                    -0.0,
                    -0.0,
                    -0.0,
                    1.0
                ]
            ]
        },
        {
            "file_path": "./train/r_34",
            "transform_matrix": [
                [
                    -0.9878574013710022,
                    -0.10162679851055145,
                    0.11751505732536316,
                    0.6991356015205383
                ],
                [
                    -2.2351738238057806e-08,
                    0.7563881874084473,
                    0.6541228890419006,
                    2.500000238418579
                ],
                [
                    -0.15536345541477203,
                    0.6461801528930664,
                    -0.7472037076950073,
                    -4.4453582763671875
                ],
                [
                    0.0,
                    0.0,
                    -0.0,
                    1.0
                ]
            ]
        },
        {
            "file_path": "./train/r_35",
            "transform_matrix": [
                [
                    -0.5541329383850098,
                    -0.3460442125797272,
                    0.757093071937561,
                    3.74592661857605
                ],
                [
                    5.960463056453591e-08,
                    0.9094995260238647,
                    0.4157046377658844,
                    2.5
                ],
                [
                    -0.8324281573295593,
                    0.23035567998886108,
                    -0.503983736038208,
                    -2.493598699569702
                ],
                [
                    0.0,
                    0.0,
                    -0.0,
                    1.0
                ]
            ]
        },
        {
            "file_path": "./train/r_37",
            "transform_matrix": [
                [
                    -0.9884353280067444,
                    -0.014549430459737778,
                    0.15094290673732758,
                    0.6823912262916565
                ],
                [
                    -0.0,
                    0.9953864216804504,
                    0.09594558924436569,
                    2.499999761581421
                ],
                [
                    -0.15164251625537872,
                    0.09483601897954941,
                    -0.9838751554489136,
                    -4.447958946228027
                ],
                [
                    0.0,
                    0.0,
                    -0.0,
                    1.0
                ]
            ]
        },
        {
            "file_path": "./train/r_38",
            "transform_matrix": [
                [
                    0.8015683889389038,
                    0.053064554929733276,
                    -0.595543622970581,
                    -2.6905643939971924
                ],
                [
                    -1.1175870895385742e-08,
                    0.9960538148880005,
                    0.08875107765197754,
                    2.499999761581421
                ],
                [
                    0.5979030728340149,
                    -0.07114005833864212,
                    0.7984052300453186,
                    3.607057571411133
                ],
                [
                    -0.0,
                    0.0,
                    -0.0,
                    1.0
                ]
            ]
        },
        {
            "file_path": "./train/r_39",
            "transform_matrix": [
                [
                    -0.8975734114646912,
                    0.11858183890581131,
                    0.424617737531662,
                    1.9838923215866089
                ],
                [
                    -7.450578820566989e-09,
                    0.9631469249725342,
                    -0.26897546648979187,
                    2.499999761581421
                ],
                [
                    -0.4408648908138275,
                    -0.24142523109912872,
                    -0.8644952178001404,
                    -4.039080619812012
                ],
                [
                    -0.0,
                    -0.0,
                    -0.0,
                    1.0
                ]
            ]
        },
        {
            "file_path": "./train/r_41",
            "transform_matrix": [
                [
                    -0.744103729724884,
                    -0.45853906869888306,
                    -0.48585131764411926,
                    -3.006288528442383
                ],
                [
                    2.9802318834981634e-08,
                    0.7272525429725647,
                    -0.6863699555397034,
                    2.500000238418579
                ],
                [
                    0.6680640578269958,
                    -0.5107304453849792,
                    -0.5411513447761536,
                    -3.3484668731689453
                ],
                [
                    -0.0,
                    0.0,
                    -0.0,
                    1.0
                ]
            ]
        },
        {
            "file_path": "./train/r_42",
            "transform_matrix": [
                [
                    0.8679870367050171,
                    -0.16115084290504456,
                    0.4697118103504181,
                    2.2346417903900146
                ],
                [
                    1.4901162970204496e-08,
                    0.9458800554275513,
                    0.32451680302619934,
                    2.5
                ],
                [
                    -0.4965870976448059,
                    -0.281676322221756,
                    0.8210115432739258,
                    3.9059412479400635
                ],
                [
                    -0.0,
                    0.0,
                    -0.0,
                    1.0
                ]
            ]
        },
        {
            "file_path": "./train/r_43",
            "transform_matrix": [
                [
                    -0.763351559638977,
                    -0.315894216299057,
                    0.5634757876396179,
                    2.906924247741699
                ],
                [
                    -5.960462345910855e-08,
                    0.872276246547699,
                    0.48901307582855225,
                    2.499999523162842
                ],
                [
                    -0.6459829807281494,
                    0.37328892946243286,
                    -0.6658535599708557,
                    -3.43508243560791
                ],
                [
                    0.0,
                    0.0,
                    -0.0,
                    1.0
                ]
            ]
        },
        {
            "file_path": "./train/r_45",
            "transform_matrix": [
                [
                    -0.9559887647628784,
                    0.18255402147769928,
                    0.22969436645507813,
                    1.320314645767212
                ],
                [
                    -2.9802318834981634e-08,
                    0.7828622460365295,
                    -0.6221950054168701,
                    2.500000238418579
                ],
                [
                    -0.2934032678604126,
                    -0.5948114395141602,
                    -0.7484076023101807,
                    -4.301949501037598
                ],
                [
                    -0.0,
                    -0.0,
                    -0.0,
                    1.0
                ]
            ]
        },
        {
            "file_path": "./train/r_46",
            "transform_matrix": [
                [
                    -0.18792831897735596,
                    -0.4175899624824524,
                    0.8889890909194946,
                    4.4198222160339355
                ],
                [
                    -1.4901161193847656e-08,
                    0.9051157832145691,
                    0.42516523599624634,
                    2.5
                ],
                [
                    -0.9821827411651611,
                    0.07990057021379471,
                    -0.17009688913822174,
                    -0.8456773161888123
                ],
                [
                    0.0,
                    0.0,
                    -0.0,
                    1.0
                ]
            ]
        },
        {
            "file_path": "./train/r_47",
            "transform_matrix": [
                [
                    -0.9767663478851318,
                    -0.14226309955120087,
                    -0.1602771282196045,
                    -0.9643821120262146
                ],
                [
                    -0.0,
                    0.7478851675987244,
                    -0.6638281345367432,
                    2.499999761581421
                ],
                [
                    0.21430712938308716,
                    -0.6484049558639526,
                    -0.7305090427398682,
                    -4.395448684692383
                ],
                [
                    -0.0,
                    0.0,
                    -0.0,
                    1.0
                ]
            ]
        },
        {
            "file_path": "./train/r_49",
            "transform_matrix": [
                [
                    0.608577311038971,
                    -0.5037796497344971,
                    -0.6130576133728027,
                    -3.5707249641418457
                ],
                [
                    -1.0430809993522416e-07,
                    0.7726045250892639,
                    -0.6348873376846313,
                    2.499999523162842
                ],
                [
                    0.7934945225715637,
                    0.38637810945510864,
                    0.47018951177597046,
                    2.738598108291626
                ],
                [
                    -0.0,
                    0.0,
                    -0.0,
                    1.0
                ]
            ]
        },
        {
            "file_path": "./train/r_50",
            "transform_matrix": [
                [
                    -0.7464052438735962,
                    0.20867317914962769,
                    -0.6319294571876526,
                    -2.9947125911712646
                ],
                [
                    -1.4901161193847656e-08,
                    0.9495676755905151,
                    0.31356242299079895,
                    2.500000476837158
                ],
                [
                    0.6654918193817139,
                    0.2340446263551712,
                    -0.7087622880935669,
                    -3.358823776245117
                ],
                [
                    -0.0,
                    -0.0,
                    -0.0,
                    1.0
                ]
            ]
        },
        {
            "file_path": "./train/r_51",
            "transform_matrix": [
                [
                    0.9443992972373962,
                    -0.09445260465145111,
                    0.3149420917034149,
                    1.479602575302124
                ],
                [
                    -7.450578820566989e-09,
                    0.9578512907028198,
                    0.2872641086578369,
                    2.499999761581421
                ],
                [
                    -0.3288005590438843,
                    -0.2712920308113098,
                    0.9045941829681396,
                    4.2497968673706055
                ],
                [
                    -0.0,
                    0.0,
                    -0.0,
                    1.0
                ]
            ]
        },
        {
            "file_path": "./train/r_53",
            "transform_matrix": [
                [
                    -0.19312889873981476,
                    -0.3423106372356415,
                    -0.919524073600769,
                    -4.415280342102051
                ],
                [
                    -0.0,
                    0.937167763710022,
                    -0.3488788604736328,
                    2.500000238418579
                ],
                [
                    0.9811733365058899,
                    -0.06737858802080154,
                    -0.1809942126274109,
                    -0.8690800070762634
                ],
                [
                    -0.0,
                    0.0,
                    0.0,
                    1.0
                ]
            ]
        },
        {
            "file_path": "./train/r_54",
            "transform_matrix": [
                [
                    -0.8899068832397461,
                    -0.1285640299320221,
                    -0.4376492500305176,
                    -2.0526394844055176
                ],
                [
                    7.450578820566989e-09,
                    0.9594581127166748,
                    -0.28185081481933594,
                    2.5
                ],
                [
                    0.4561421275138855,
                    -0.25082099437713623,
                    -0.853828489780426,
                    -4.004580974578857
                ],
                [
                    -0.0,
                    0.0,
                    -0.0,
                    1.0
                ]
            ]
        },
        {
            "file_path": "./train/r_55",
            "transform_matrix": [
                [
                    -0.092783622443676,
                    0.13464339077472687,
                    0.9865405559539795,
                    4.480588912963867
                ],
                [
                    1.8626447051417472e-09,
                    0.9908145666122437,
                    -0.13522672653198242,
                    2.499999761581421
                ],
                [
                    -0.9956862330436707,
                    -0.012546823360025883,
                    -0.09193136543035507,
                    -0.4175263047218323
                ],
                [
                    -0.0,
                    -0.0,
                    -0.0,
                    1.0
                ]
            ]
        },
        {
            "file_path": "./train/r_57",
            "transform_matrix": [
                [
                    0.8500987887382507,
                    0.08971884101629257,
                    0.5189244747161865,
                    2.369804859161377
                ],
                [
                    7.450580596923828e-09,
                    0.9853808283805847,
                    -0.1703662872314453,
                    2.500000238418579
                ],
                [
                    -0.5266233086585999,
                    0.1448281705379486,
                    0.8376710414886475,
                    3.825444459915161
                ],
                [
                    -0.0,
                    -0.0,
                    -0.0,
                    1.0
                ]
            ]
        },
        {
            "file_path": "./train/r_58",
            "transform_matrix": [
                [
                    0.9380996823310852,
                    -0.17491857707500458,
                    0.29895246028900146,
                    1.5586450099945068
                ],
                [
                    -0.0,
                    0.8631126880645752,
                    0.5050115585327148,
                    2.499999761581421
                ],
                [
                    -0.3463655412197113,
                    -0.47375115752220154,
                    0.8096857070922852,
                    4.22144889831543
                ],
                [
                    -0.0,
                    0.0,
                    -0.0,
                    1.0
                ]
            ]
        },
        {
            "file_path": "./train/r_59",
            "transform_matrix": [
                [
                    0.9137099981307983,
                    -0.03898503631353378,
                    0.40449246764183044,
                    1.828650951385498
                ],
                [
                    -3.7252898543727042e-09,
                    0.9953874945640564,
                    0.09593558311462402,
                    2.500000238418579
                ],
                [
                    -0.4063667953014374,
                    -0.08765730261802673,
                    0.9094955325126648,
                    4.111695289611816
                ],
                [
                    -0.0,
                    0.0,
                    -0.0,
                    1.0
                ]
            ]
        },
        {
            "file_path": "./train/r_61",
            "transform_matrix": [
                [
                    -0.6944131851196289,
                    0.06522811204195023,
                    0.7166139483451843,
                    3.238093614578247
                ],
                [
                    -1.4901161193847656e-08,
                    0.9958829879760742,
                    -0.09064793586730957,
                    2.5
                ],
                [
                    -0.7195764780044556,
                    -0.06294713169336319,
                    -0.6915542483329773,
                    -3.124859571456909
                ],
                [
                    -0.0,
                    -0.0,
                    -0.0,
                    1.0
                ]
            ]
        },
        {
            "file_path": "./train/r_62",
            "transform_matrix": [
                [
                    0.3182050585746765,
                    0.011784541420638561,
                    -0.9479486346244812,
                    -4.266098499298096
                ],
                [
                    2.3283061589829401e-10,
                    0.9999226927757263,
                    0.012430664151906967,
                    2.500000238418579
                ],
                [
                    0.9480218887329102,
                    -0.003955500200390816,
                    0.31818047165870667,
                    1.4319229125976563
                ],
                [
                    -0.0,
                    0.0,
                    -0.0,
                    1.0
                ]
            ]
        },
        {
            "file_path": "./train/r_63",
            "transform_matrix": [
                [
                    0.16170254349708557,
                    0.17438620328903198,
                    -0.9713093042373657,
                    -4.440777778625488
                ],
                [
                    3.725290298461914e-09,
                    0.9842626452445984,
                    0.1767118126153946,
                    2.5
                ],
                [
                    0.9868395328521729,
