{
    "camera_angle_x": 1.623098373413086,
    "frames": [
        {
            "file_path": "./train/r_1",
            "transform_matrix": [
                [
                    -0.6659860014915466,
                    0.2373255044221878,
                    -0.7072052955627441,
                    -4.1028032302856445
                ],
                [
                    -7.450580596923828e-08,
                    0.9480417966842651,
                    0.3181459903717041,
                    1.5
                ],
                [
                    0.7459642887115479,
                    0.21188080310821533,
                    -0.6313825249671936,
                    -3.6629233360290527
                ],
                [
                    -0.0,
                    -0.0,
                    -0.0,
                    1.0
                ]
            ]
        },
        {
            "file_path": "./train/r_2",
            "transform_matrix": [
                [
                    -0.9643583297729492,
                    0.12178000807762146,
                    0.23490984737873077,
                    1.455298900604248
                ],
                [
                    4.470348358154297e-08,
                    0.8877933621406555,
                    -0.46024230122566223,
                    1.5000001192092896
                ],
                [
                    -0.2645997107028961,
                    -0.4438384771347046,
                    -0.8561509251594543,
                    -5.303970813751221
                ],
                [
                    -0.0,
                    -0.0,
                    -0.0,
                    1.0
                ]
            ]
        },
        {
            "file_path": "./train/r_3",
            "transform_matrix": [
                [
                    0.9667742252349854,
                    0.03490397706627846,
                    0.25323763489723206,
                    1.4059747457504272
                ],
                [
                    -0.0,
                    0.9906344413757324,
                    -0.13654007017612457,
                    1.500000238418579
                ],
                [
                    -0.2556317448616028,
                    0.13200341165065765,
                    0.9577199220657349,
                    5.317257881164551
                ],
                [
                    -0.0,
                    -0.0,
                    -0.0,
                    1.0
                ]
            ]
        },
        {
            "file_path": "./train/r_5",
            "transform_matrix": [
                [
                    -0.017223550006747246,
                    0.5695318579673767,
                    -0.8217887282371521,
                    -5.499183654785156
                ],
                [
                    1.8626449271863521e-09,
                    0.8219106197357178,
                    0.5696163773536682,
                    1.4999996423721313
                ],
                [
                    0.9998515844345093,
                    0.009810814633965492,
                    -0.01415622141212225,
                    -0.09472951292991638
                ],
                [
                    -0.0,
                    0.0,
                    0.0,
                    1.0
                ]
            ]
        },
        {
            "file_path": "./train/r_6",
            "transform_matrix": [
                [
                    0.5911906361579895,
                    0.18437838554382324,
                    -0.7851738929748535,
                    -4.435925006866455
                ],
                [
                    -3.725289587919178e-08,
                    0.9735187292098999,
                    0.2286064326763153,
                    1.4999998807907104
                ],
                [
                    0.8065316677093506,
                    -0.1351499706506729,
                    0.575535237789154,
                    3.2515482902526855
                ],
                [
                    -0.0,
                    0.0,
                    -0.0,
                    1.0
                ]
            ]
        },
        {
            "file_path": "./train/r_7",
            "transform_matrix": [
                [
                    0.8945941925048828,
                    0.15848077833652496,
                    0.41783371567726135,
                    2.457836866378784
                ],
                [
                    -0.0,
                    0.9350033402442932,
                    -0.3546387553215027,
                    1.500000238418579
                ],
                [
                    -0.44687944650650024,
                    0.3172577917575836,
                    0.8364485502243042,
                    4.9202680587768555
                ],
                [
                    -0.0,
                    -0.0,
                    -0.0,
                    1.0
                ]
            ]
        },
        {
            "file_path": "./train/r_9",
            "transform_matrix": [
                [
                    -0.9980490207672119,
                    -0.020084405317902565,
                    0.059113919734954834,
                    0.3433797061443329
                ],
                [
                    -0.0,
                    0.9468424916267395,
                    0.3216969966888428,
                    1.5000001192092896
                ],
                [
                    -0.0624326728284359,
                    0.3210693895816803,
                    -0.9449954628944397,
                    -5.489270210266113
                ],
                [
                    0.0,
                    0.0,
                    -0.0,
                    1.0
                ]
            ]
        },
        {
            "file_path": "./train/r_10",
            "transform_matrix": [
                [
                    -0.9683147668838501,
                    -0.09420457482337952,
                    0.23128332197666168,
                    1.3735301494598389
                ],
                [
                    3.725289587919178e-08,
                    0.9261229634284973,
                    0.37722161412239075,
                    1.500000238418579
                ],
                [
                    -0.2497328221797943,
                    0.3652692437171936,
                    -0.8967786431312561,
                    -5.325732231140137
                ],
                [
                    0.0,
                    0.0,
                    -0.0,
                    1.0
                ]
            ]
        },
        {
            "file_path": "./train/r_11",
            "transform_matrix": [
                [
                    -0.952154815196991,
                    0.06163130700588226,
                    -0.29933688044548035,
                    -1.6808863878250122
                ],
                [
                    -1.1175867342672063e-08,
                    0.9794548153877258,
                    0.20166276395320892,
                    1.499999761581421
                ],
                [
                    0.30561575293540955,
                    0.1920141726732254,
                    -0.9325927495956421,
                    -5.236851692199707
                ],
                [
                    -0.0,
                    -0.0,
                    -0.0,
                    1.0
                ]
            ]
        },
        {
            "file_path": "./train/r_13",
            "transform_matrix": [
                [
                    -0.9016160368919373,
                    -0.20672491192817688,
                    -0.3799387514591217,
                    -2.3789563179016113
                ],
                [
                    -1.4901161193847656e-08,
                    0.8783950805664063,
                    -0.4779353141784668,
                    1.500000238418579
                ],
                [
                    0.4325374364852905,
                    -0.43091410398483276,
                    -0.7919750213623047,
                    -4.958888530731201
                ],
                [
                    -0.0,
                    0.0,
                    -0.0,
                    1.0
                ]
            ]
        },
        {
            "file_path": "./train/r_14",
            "transform_matrix": [
                [
                    0.3848484456539154,
                    0.06390038877725601,
                    -0.9207650423049927,
                    -5.076389312744141
                ],
                [
                    -9.313223969797946e-09,
                    0.9976004362106323,
                    0.06923270970582962,
                    1.500000238418579
                ],
                [
                    0.9229797124862671,
                    -0.026644092053174973,
                    0.38392502069473267,
                    2.116665840148926
                ],
                [
                    -0.0,
                    0.0,
                    -0.0,
                    1.0
                ]
            ]
        },
        {
            "file_path": "./train/r_15",
            "transform_matrix": [
                [
                    -0.8994691967964172,
                    0.16090892255306244,
                    0.4062798321247101,
                    2.403412342071533
                ],
                [
                    2.9802315282267955e-08,
                    0.9297361373901367,
                    -0.36822614073753357,
                    1.5
                ],
                [
                    -0.43698397278785706,
                    -0.3312080502510071,
                    -0.836269199848175,
                    -4.947082042694092
                ],
                [
                    -0.0,
                    -0.0,
                    -0.0,
                    1.0
                ]
            ]
        },
        {
            "file_path": "./train/r_17",
            "transform_matrix": [
                [
                    -0.3736305832862854,
                    0.28653913736343384,
                    -0.8822104930877686,
                    -5.1016764640808105
                ],
                [
                    -3.725289587919178e-08,
                    0.9510907530784607,
                    0.3089112639427185,
                    1.5000001192092896
                ],
                [
                    0.9275774955749512,
                    0.11541872471570969,
                    -0.3553566634654999,
                    -2.0549685955047607
                ],
                [
                    -0.0,
                    -0.0,
                    -0.0,
                    1.0
                ]
            ]
        },
        {
            "file_path": "./train/r_18",
            "transform_matrix": [
                [
                    -0.5070181488990784,
                    0.16122505068778992,
                    0.8467224836349487,
                    4.740644931793213
                ],
                [
                    -2.9802315282267955e-08,
                    0.98235023021698,
                    -0.18705008924007416,
                    1.5000001192092896
                ],
                [
                    -0.8619353175163269,
                    -0.09483780711889267,
                    -0.4980694651603699,
                    -2.7886006832122803
                ],
                [
                    -0.0,
                    -0.0,
                    -0.0,
                    1.0
                ]
            ]
        },
        {
            "file_path": "./train/r_19",
            "transform_matrix": [
                [
                    0.20818491280078888,
                    0.027171490713953972,
                    -0.9777119755744934,
                    -5.379492282867432
                ],
                [
                    -0.0,
                    0.9996140003204346,
                    0.027780169621109962,
                    1.5
                ],
                [
                    0.978089451789856,
                    -0.005783412605524063,
                    0.20810456573963165,
                    1.145017147064209
                ],
                [
                    -0.0,
                    0.0,
                    -0.0,
                    1.0
                ]
            ]
        },
        {
            "file_path": "./train/r_21",
            "transform_matrix": [
                [
                    -0.6954809427261353,
                    0.2669469714164734,
                    -0.6671173572540283,
                    -3.951995611190796
                ],
                [
                    7.450579886381092e-08,
                    0.9284286499023438,
                    0.37151065468788147,
                    1.5
                ],
                [
                    0.7185445427894592,
                    0.2583785057067871,
                    -0.6457045078277588,
                    -3.8251447677612305
                ],
                [
                    -0.0,
                    0.0,
                    0.0,
                    1.0
                ]
            ]
        },
        {
            "file_path": "./train/r_22",
            "transform_matrix": [
                [
                    -0.9901480078697205,
                    -0.07766880840063095,
                    -0.11650943011045456,
                    -0.7701351642608643
                ],
                [
                    2.9802318834981634e-08,
                    0.8320637941360474,
                    -0.554679811000824,
                    1.4999998807907104
                ],
                [
                    0.14002461731433868,
                    -0.5492151379585266,
                    -0.8238663673400879,
                    -5.44581413269043
                ],
                [
                    -0.0,
                    0.0,
                    -0.0,
                    1.0
                ]
            ]
        },
        {
            "file_path": "./train/r_23",
            "transform_matrix": [
                [
                    0.9924601316452026,
                    0.08317777514457703,
                    -0.09002302587032318,
                    -0.6741189956665039
                ],
                [
                    -7.450578820566989e-09,
                    0.7344796061515808,
                    0.6786304712295532,
                    1.4999998807907104
                ],
                [
                    0.1225670725107193,
                    -0.6735137701034546,
                    0.728941798210144,
                    5.458530902862549
                ],
                [
                    -0.0,
                    0.0,
                    -0.0,
                    1.0
                ]
            ]
        },
        {
            "file_path": "./train/r_25",
            "transform_matrix": [
                [
                    0.9240193367004395,
                    -0.2220105528831482,
                    0.3112868070602417,
                    2.102900743484497
                ],
                [
                    2.9802318834981634e-08,
                    0.8141502737998962,
                    0.5806540846824646,
                    1.5
                ],
                [
                    -0.3823455572128296,
                    -0.5365356206893921,
                    0.7522906064987183,
                    5.082106590270996
                ],
                [
                    -0.0,
                    0.0,
                    -0.0,
                    1.0
                ]
            ]
        },
        {
            "file_path": "./train/r_26",
            "transform_matrix": [
                [
                    -0.7061575055122375,
                    -0.2261238992214203,
                    -0.6709766387939453,
                    -3.8943018913269043
                ],
                [
                    -2.9802322387695313e-08,
                    0.9476337432861328,
                    -0.31935930252075195,
                    1.500000238418579
                ],
                [
                    0.7080548405647278,
                    -0.22551792860031128,
                    -0.6691786646842957,
                    -3.88386607170105
                ],
                [
                    -0.0,
                    0.0,
                    0.0,
                    1.0
                ]
            ]
        },
        {
            "file_path": "./train/r_27",
            "transform_matrix": [
                [
                    0.9704097509384155,
                    0.14082522690296173,
                    -0.19614635407924652,
                    -1.3280553817749023
                ],
                [
                    -3.725290653733282e-08,
                    0.8123196363449097,
                    0.5832127332687378,
                    1.5
                ],
                [
                    0.2414645552635193,
                    -0.5659552812576294,
                    0.7882828116416931,
                    5.337253570556641
                ],
                [
                    -0.0,
                    0.0,
                    -0.0,
                    1.0
                ]
            ]
        },
        {
            "file_path": "./train/r_29",
            "transform_matrix": [
                [
                    0.9775699377059937,
                    0.004856775049120188,
                    -0.21055462956428528,
                    -1.1583588123321533
                ],
                [
                    -1.3969836398786128e-09,
                    0.9997339844703674,
                    0.02306044101715088,
                    1.5
                ],
                [
                    0.21061061322689056,
                    -0.02254319377243519,
                    0.977310061454773,
                    5.376635551452637
                ],
                [
                    -0.0,
                    0.0,
                    -0.0,
                    1.0
                ]
            ]
        },
        {
            "file_path": "./train/r_30",
            "transform_matrix": [
                [
                    0.9654368758201599,
                    -0.09139466285705566,
                    -0.2440871298313141,
                    -1.4335023164749146
                ],
                [
                    1.4901159417490817e-08,
                    0.9365031123161316,
                    -0.35065919160842896,
                    1.5000001192092896
                ],
                [
                    0.26063671708106995,
                    0.3385393023490906,
                    0.9041348099708557,
                    5.309903621673584
                ],
                [
                    -0.0,
                    0.0,
                    -0.0,
                    1.0
                ]
            ]
        },
        {
            "file_path": "./train/r_31",
            "transform_matrix": [
                [
                    0.8410091996192932,
                    -0.08847951889038086,
                    -0.5337367057800293,
                    -2.9756147861480713
                ],
                [
                    7.4505797087454084e-09,
                    0.9865363836288452,
                    -0.1635417938232422,
                    1.500000238418579
                ],
                [
                    0.5410208702087402,
                    0.13754014670848846,
                    0.829686164855957,
                    4.625551223754883
                ],
                [
                    -0.0,
                    0.0,
                    -0.0,
                    1.0
                ]
            ]
        },
        {
            "file_path": "./train/r_33",
            "transform_matrix": [
                [
                    0.8533217310905457,
                    0.24778962135314941,
                    -0.4587399959564209,
                    -2.867616653442383
                ],
                [
                    -1.4901157641133977e-08,
                    0.8798491358757019,
                    0.4752528667449951,
                    1.4999998807907104
                ],
                [
                    0.5213848352432251,
                    -0.40554356575012207,
                    0.7507944107055664,
                    4.693269729614258
                ],
                [
                    -0.0,
                    0.0,
                    -0.0,
                    1.0
                ]
            ]
        },
        {
            "file_path": "./train/r_34",
            "transform_matrix": [
                [
                    -0.8619744777679443,
                    0.0913461223244667,
                    0.4986543357372284,
                    2.7882351875305176
                ],
                [
                    7.450581485102248e-09,
                    0.983632504940033,
                    -0.18018695712089539,
                    1.5000004768371582
                ],
                [
                    -0.5069519877433777,
                    -0.1553165465593338,
                    -0.8478659391403198,
                    -4.740859508514404
                ],
                [
                    -0.0,
                    -0.0,
                    -0.0,
                    1.0
                ]
            ]
        },
        {
            "file_path": "./train/r_35",
            "transform_matrix": [
                [
                    0.29279133677482605,
                    0.19721098244190216,
                    -0.9356179237365723,
                    -5.258969306945801
                ],
                [
                    -3.7252894102834944e-09,
                    0.9784992933273315,
                    0.20624960958957672,
                    1.5000001192092896
                ],
                [
                    0.9561762809753418,
                    -0.06038809195160866,
                    0.2864961624145508,
                    1.6103522777557373
                ],
                [
                    -0.0,
                    0.0,
                    -0.0,
                    1.0
                ]
            ]
        },
        {
            "file_path": "./train/r_37",
            "transform_matrix": [
                [
                    -0.9690607786178589,
                    -0.10452423989772797,
                    -0.22359761595726013,
                    -1.3575222492218018
                ],
                [
                    -7.450580596923828e-09,
                    0.905905544757843,
                    -0.4234798848628998,
                    1.500000238418579
                ],
                [
                    0.24682220816612244,
                    -0.41037771105766296,
                    -0.8778775930404663,
                    -5.329834461212158
                ],
                [
                    -0.0,
                    0.0,
                    0.0,
                    1.0
                ]
            ]
        },
        {
            "file_path": "./train/r_38",
            "transform_matrix": [
                [
                    -0.7719597220420837,
                    -0.3570956587791443,
                    0.525890588760376,
                    3.4961929321289063
                ],
                [
                    -5.960464477539063e-08,
                    0.8272993564605713,
                    0.5617612600326538,
                    1.4999998807907104
                ],
                [
                    -0.6356714963912964,
                    0.43365705013275146,
                    -0.6386417150497437,
                    -4.2457780838012695
                ],
                [
                    0.0,
                    0.0,
                    -0.0,
                    1.0
                ]
            ]
        },
        {
            "file_path": "./train/r_39",
            "transform_matrix": [
                [
                    0.31478703022003174,
                    0.49145936965942383,
                    -0.8120201826095581,
                    -5.22039270401001
                ],
                [
                    -1.4901159417490817e-08,
                    0.8555123805999756,
                    0.5177822709083557,
                    1.5000001192092896
                ],
                [
                    0.9491622447967529,
                    -0.16299113631248474,
                    0.2693042457103729,
                    1.7313288450241089
                ],
                [
                    -0.0,
                    0.0,
                    -0.0,
                    1.0
                ]
            ]
        },
        {
            "file_path": "./train/r_41",
            "transform_matrix": [
                [
                    -0.47452959418296814,
                    -0.09970612823963165,
                    -0.8745743632316589,
                    -4.841317176818848
                ],
                [
                    -1.1175868230850483e-08,
                    0.9935639500617981,
                    -0.11327158659696579,
                    1.5000001192092896
                ],
                [
                    0.8802394866943359,
                    -0.05375070869922638,
                    -0.4714755415916443,
                    -2.609912157058716
                ],
                [
                    -0.0,
                    0.0,
                    0.0,
                    1.0
                ]
            ]
        },
        {
            "file_path": "./train/r_42",
            "transform_matrix": [
                [
                    -0.4722706079483032,
                    -0.4719025194644928,
                    0.7444919943809509,
                    4.847994804382324
                ],
                [
                    -4.470347292340193e-08,
                    0.8446184396743774,
                    0.5353685617446899,
                    1.500000238418579
                ],
                [
                    -0.8814534544944763,
                    0.2528388202190399,
                    -0.3988885283470154,
                    -2.5974881649017334
                ],
                [
                    0.0,
                    0.0,
                    -0.0,
                    1.0
                ]
            ]
        },
        {
            "file_path": "./train/r_43",
            "transform_matrix": [
                [
                    0.9165238738059998,
                    0.005940045230090618,
                    -0.39993587136268616,
                    -2.199890613555908
                ],
                [
                    -9.313224635931761e-10,
                    0.9998896718025208,
                    0.014850852079689503,
                    1.5
                ],
                [
                    0.3999800384044647,
                    -0.013611160218715668,
                    0.9164226651191711,
                    5.040881156921387
                ],
                [
                    -0.0,
                    0.0,
                    -0.0,
                    1.0
                ]
            ]
        },
        {
            "file_path": "./train/r_45",
            "transform_matrix": [
                [
                    -0.7441040873527527,
                    -0.3513300120830536,
                    -0.5682220458984375,
                    -3.6743505001068115
                ],
                [
                    -4.470347647611561e-08,
                    0.850550651550293,
                    -0.525892972946167,
                    1.499999761581421
                ],
                [
                    0.6680636405944824,
                    -0.39131906628608704,
                    -0.6328982710838318,
                    -4.09257173538208
                ],
                [
                    -0.0,
                    0.0,
                    0.0,
                    1.0
                ]
            ]
        },
        {
            "file_path": "./train/r_46",
            "transform_matrix": [
                [
                    -0.9087515473365784,
                    0.024029383435845375,
                    0.41664496064186096,
                    2.295356273651123
                ],
                [
                    5.5879341154252415e-09,
                    0.998340904712677,
                    -0.05757783725857735,
                    1.5000001192092896
                ],
                [
                    -0.4173373281955719,
                    -0.052323948591947556,
                    -0.9072440266609192,
                    -4.998134136199951
                ],
                [
                    -0.0,
                    -0.0,
                    -0.0,
                    1.0
                ]
            ]
        },
        {
            "file_path": "./train/r_47",
            "transform_matrix": [
                [
                    0.6948180794715881,
                    -0.21796728670597076,
                    0.68535977602005,
                    3.9555203914642334
                ],
                [
                    1.4901159417490817e-08,
                    0.952966570854187,
                    0.30307522416114807,
                    1.5
                ],
                [
                    -0.719185471534729,
                    -0.21058213710784912,
                    0.6621384620666504,
                    3.8214995861053467
                ],
                [
                    -0.0,
                    0.0,
                    -0.0,
                    1.0
                ]
            ]
        },
        {
            "file_path": "./train/r_49",
            "transform_matrix": [
                [
                    0.9975029230117798,
                    0.03147588297724724,
                    0.06322288513183594,
                    0.38843652606010437
                ],
                [
                    -0.0,
                    0.8951935768127441,
                    -0.44567734003067017,
                    1.5000001192092896
                ],
                [
                    -0.07062482088804245,
                    0.44456446170806885,
                    0.8929582238197327,
                    5.486266136169434
                ],
                [
                    -0.0,
                    -0.0,
                    -0.0,
                    1.0
                ]
            ]
        },
        {
            "file_path": "./train/r_50",
            "transform_matrix": [
                [
                    0.8738433718681335,
                    0.021485399454832077,
                    0.4857323169708252,
                    2.6741392612457275
                ],
                [
                    5.5879341154252415e-09,
                    0.9990230202674866,
                    -0.04418981075286865,
                    1.5000001192092896
                ],
                [
                    -0.4862072169780731,
                    0.03861498087644577,
                    0.8729898929595947,
                    4.806140422821045
                ],
                [
                    -0.0,
                    -0.0,
                    -0.0,
                    1.0
                ]
            ]
        },
        {
            "file_path": "./train/r_51",
            "transform_matrix": [
                [
                    0.6724303960800171,
                    0.4243726134300232,
                    0.6064200401306152,
                    4.070882320404053
                ],
                [
                    -5.960463766996327e-08,
                    0.819308876991272,
                    -0.5733522772789001,
                    1.500000238418579
                ],
                [
                    -0.7401602864265442,
                    0.3855394124984741,
                    0.5509282946586609,
                    3.69836688041687
                ],
                [
                    -0.0,
                    -0.0,
                    -0.0,
                    1.0
                ]
            ]
        },
        {
            "file_path": "./train/r_53",
            "transform_matrix": [
                [
                    -0.8799324035644531,
                    0.24500486254692078,
                    0.4070519506931305,
                    2.6130425930023193
                ],
                [
                    -1.4901154088420299e-08,
                    0.8567733764648438,
                    -0.5156926512718201,
                    1.499999761581421
                ],
                [
                    -0.4750986397266388,
                    -0.45377466082572937,
                    -0.753902792930603,
                    -4.839628219604492
                ],
                [
                    -0.0,
                    -0.0,
                    -0.0,
                    1.0
                ]
            ]
        },
        {
            "file_path": "./train/r_54",
            "transform_matrix": [
                [
                    -0.1007310077548027,
                    0.1850915104150772,
                    -0.9775450229644775,
                    -5.472024917602539
                ],
                [
                    -1.8626449271863521e-09,
                    0.9825425148010254,
                    0.18603776395320892,
                    1.5
                ],
                [
                    0.9949136972427368,
                    0.018739772960543633,
                    -0.09897249191999435,
                    -0.5540206432342529
                ],
                [
                    -0.0,
                    -0.0,
                    -0.0,
                    1.0
                ]
            ]
        },
        {
            "file_path": "./train/r_55",
            "transform_matrix": [
                [
                    -0.971712052822113,
                    -0.04368545487523079,
                    -0.23209300637245178,
                    -1.2989267110824585
                ],
                [
                    3.7252894102834944e-09,
                    0.982742965221405,
                    -0.1849757730960846,
                    1.5000001192092896
                ],
                [
                    0.23616854846477509,
                    -0.1797431856393814,
                    -0.9549432992935181,
                    -5.344416618347168
                ],
                [
                    -0.0,
                    0.0,
                    -0.0,
                    1.0
                ]
            ]
        },
        {
            "file_path": "./train/r_57",
            "transform_matrix": [
                [
                    0.9196053147315979,
                    -0.11426624655723572,
                    -0.375857949256897,
                    -2.1606388092041016
                ],
                [
                    -0.0,
                    0.9567626714706421,
                    -0.29086971282958984,
                    1.499999761581421
                ],
                [
                    0.3928433954715729,
                    0.2674853503704071,
                    0.8798441290855408,
                    5.0578293800354
                ],
                [
                    -0.0,
                    0.0,
                    -0.0,
                    1.0
                ]
            ]
        },
        {
            "file_path": "./train/r_58",
            "transform_matrix": [
                [
                    -0.6213714480400085,
                    0.20525558292865753,
                    0.7561531066894531,
                    4.309338092803955
                ],
                [
                    -2.2351738238057806e-08,
                    0.9650766849517822,
                    -0.26196733117103577,
                    1.5
                ],
                [
                    -0.7835160493850708,
                    -0.1627790331840515,
                    -0.5996711850166321,
                    -3.417543649673462
                ],
                [
                    -0.0,
                    -0.0,
                    -0.0,
                    1.0
                ]
            ]
        },
        {
            "file_path": "./train/r_59",
            "transform_matrix": [
                [
                    0.016622405499219894,
                    0.5759490132331848,
                    -0.8173165917396545,
                    -5.499239921569824
                ],
                [
                    -2.7939677238464355e-09,
                    0.8174295425415039,
                    0.57602858543396,
                    1.499999761581421
                ],
                [
                    0.9998618364334106,
                    -0.009574979543685913,
                    0.013587648048996925,
                    0.09142323583364487
                ],
                [
                    -0.0,
                    0.0,
                    -0.0,
                    1.0
                ]
            ]
        },
        {
            "file_path": "./train/r_61",
            "transform_matrix": [
                [
                    -0.8221898078918457,
                    -0.36957070231437683,
                    -0.4329221248626709,
                    -3.13067364692688
                ],
                [
                    1.0430814256778831e-07,
                    0.7605618238449097,
                    -0.6492656469345093,
                    1.4999998807907104
                ],
                [
                    0.5692135095596313,
                    -0.5338196158409119,
                    -0.6253260374069214,
                    -4.522043704986572
                ],
                [
                    -0.0,
                    0.0,
                    -0.0,
                    1.0
                ]
            ]
        },
        {
            "file_path": "./train/r_62",
            "transform_matrix": [
                [
                    0.8221259117126465,
                    -0.26435112953186035,
                    -0.5042098164558411,
                    -3.1311817169189453
                ],
                [
                    -4.470348358154297e-08,
                    0.8856573104858398,
                    -0.46433958411216736,
                    1.5000001192092896
                ],
                [
                    0.5693057179450989,
                    0.3817455768585205,
                    0.7281218767166138,
                    4.521692276000977
                ],
                [
                    -0.0,
                    0.0,
                    -0.0,
                    1.0
                ]
            ]
        },
        {
            "file_path": "./train/r_63",
            "transform_matrix": [
                [
                    0.12214850634336472,
                    0.3965957760810852,
                    0.9098305106163025,
                    5.45881462097168
                ],
                [
                    -3.725290298461914e-09,
                    0.9166948199272156,
                    -0.3995879590511322,
                    1.4999998807907104
                ],
                [
