{
    "camera_angle_x": 1.623098373413086,
    "frames": [
        {
            "file_path": "./train/r_1",
            "transform_matrix": [
                [
                    -0.9467601776123047,
                    0.0376054048538208,
                    0.31973564624786377,
                    0.9658185243606567
                ],
                [
                    1.1175869119028903e-08,
                    0.9931543469429016,
                    -0.11680887639522552,
                    7.499999523162842
                ],
                [
                    -0.32193949818611145,
                    -0.11058999598026276,
                    -0.9402790665626526,
                    -2.8402810096740723
                ],
                [
                    -0.0,
                    -0.0,
                    -0.0,
                    1.0
                ]
            ]
        },
        {
            "file_path": "./train/r_2",
            "transform_matrix": [
                [
                    -0.7698521614074707,
                    0.6218932271003723,
                    0.14344513416290283,
                    1.9146671295166016
                ],
                [
                    -1.4901161193847656e-08,
                    0.22475731372833252,
                    -0.9744147062301636,
                    7.500000476837158
                ],
                [
                    -0.638222336769104,
                    -0.7501553297042847,
                    -0.17302986979484558,
                    -2.309556722640991
                ],
                [
                    -0.0,
                    -0.0,
                    -0.0,
                    1.0
                ]
            ]
        },
        {
            "file_path": "./train/r_3",
            "transform_matrix": [
                [
                    -0.5075675845146179,
                    -0.855396568775177,
                    -0.10330367088317871,
                    2.584836006164551
                ],
                [
                    -7.823108916227284e-08,
                    -0.11989577859640121,
                    0.9927864074707031,
                    7.499999523162842
                ],
                [
                    -0.8616118431091309,
                    0.50390625,
                    0.06085514649748802,
                    -1.5227028131484985
                ],
                [
                    0.0,
                    0.0,
                    -0.0,
                    1.0
                ]
            ]
        },
        {
            "file_path": "./train/r_5",
            "transform_matrix": [
                [
                    -0.49167317152023315,
                    0.24568533897399902,
                    0.8354018330574036,
                    2.6123390197753906
                ],
                [
                    7.450580596923828e-09,
                    0.9593720436096191,
                    -0.28214403986930847,
                    7.499999523162842
                ],
                [
                    -0.8707797527313232,
                    -0.13872265815734863,
                    -0.47169750928878784,
                    -1.4750195741653442
                ],
                [
                    -0.0,
                    -0.0,
                    -0.0,
                    1.0
                ]
            ]
        },
        {
            "file_path": "./train/r_6",
            "transform_matrix": [
                [
                    -0.1091393530368805,
                    0.2867802083492279,
                    -0.9517591595649719,
                    -2.9820797443389893
                ],
                [
                    -3.7252898543727042e-09,
                    0.9574787616729736,
                    0.28850358724594116,
                    7.500000953674316
                ],
                [
                    0.9940264821052551,
                    0.03148709982633591,
                    -0.10449860244989395,
                    -0.32741808891296387
                ],
                [
                    -0.0,
                    -0.0,
                    -0.0,
                    1.0
                ]
            ]
        },
        {
            "file_path": "./train/r_7",
            "transform_matrix": [
                [
                    -0.5196343064308167,
                    0.17497770488262177,
                    -0.8362792730331421,
                    2.563166618347168
                ],
                [
                    -2.2351741790771484e-08,
                    -0.9788041114807129,
                    -0.20479866862297058,
                    7.5
                ],
                [
                    -0.8543887734413147,
                    -0.10642039775848389,
                    0.5086202025413513,
                    -1.558902621269226
                ],
                [
                    -0.0,
                    0.0,
                    0.0,
                    1.0
                ]
            ]
        },
        {
            "file_path": "./train/r_9",
            "transform_matrix": [
                [
                    0.9365447163581848,
                    0.34987956285476685,
                    -0.02164471708238125,
                    1.0516453981399536
                ],
                [
                    7.450581485102248e-09,
                    -0.06174532696604729,
                    -0.998091995716095,
                    7.500000953674316
                ],
                [
                    -0.3505484163761139,
                    0.9347577095031738,
                    -0.05782725661993027,
                    2.80963397026062
                ],
                [
                    -0.0,
                    0.0,
                    0.0,
                    1.0
                ]
            ]
        },
        {
            "file_path": "./train/r_10",
            "transform_matrix": [
                [
                    -0.5538718104362488,
                    -0.13767307996749878,
                    0.8211407661437988,
                    -2.4978060722351074
                ],
                [
                    -0.0,
                    -0.9862344861030579,
                    -0.16535282135009766,
                    7.5
                ],
                [
                    0.8326019644737244,
                    -0.09158426523208618,
                    0.5462474822998047,
                    -1.6616153717041016
                ],
                [
                    -0.0,
                    0.0,
                    -0.0,
                    1.0
                ]
            ]
        },
        {
            "file_path": "./train/r_11",
            "transform_matrix": [
                [
                    0.39337193965911865,
                    -0.8856737017631531,
                    -0.24665898084640503,
                    2.758138418197632
                ],
                [
                    3.725290298461914e-08,
                    -0.2682885527610779,
                    0.9633386135101318,
                    7.5
                ],
                [
                    -0.9193794131278992,
                    -0.3789503872394562,
                    -0.10553716123104095,
                    1.1801159381866455
                ],
                [
                    -0.0,
                    0.0,
                    -0.0,
                    1.0
                ]
            ]
        },
        {
            "file_path": "./train/r_13",
            "transform_matrix": [
                [
                    0.8246421813964844,
                    0.46926864981651306,
                    0.3158356547355652,
                    -1.696964144706726
                ],
                [
                    -5.960463056453591e-08,
                    -0.5583540201187134,
                    0.8296026587486267,
                    7.499999523162842
                ],
                [
                    0.5656547546386719,
                    -0.6841253042221069,
                    -0.4604422152042389,
                    2.4739267826080322
                ],
                [
                    -0.0,
                    0.0,
                    -0.0,
                    1.0
                ]
            ]
        },
        {
            "file_path": "./train/r_14",
            "transform_matrix": [
                [
                    -0.053419243544340134,
                    0.26385819911956787,
                    -0.9630810618400574,
                    2.9957168102264404
                ],
                [
                    1.8626449271863521e-09,
                    -0.9644581079483032,
                    -0.2642354965209961,
                    7.5
                ],
                [
                    -0.998572051525116,
                    -0.01411526184529066,
                    0.05152063071727753,
                    -0.1602577269077301
                ],
                [
                    -0.0,
                    0.0,
                    0.0,
                    1.0
                ]
            ]
        },
        {
            "file_path": "./train/r_15",
            "transform_matrix": [
                [
                    0.7266210913658142,
                    0.5587646961212158,
                    -0.39975467324256897,
                    2.061115264892578
                ],
                [
                    -0.0,
                    -0.5818519592285156,
                    -0.8132946491241455,
                    7.5
                ],
                [
                    -0.6870384216308594,
                    0.5909570455551147,
                    -0.4227858781814575,
                    2.1798629760742188
                ],
                [
                    -0.0,
                    0.0,
                    0.0,
                    1.0
                ]
            ]
        },
        {
            "file_path": "./train/r_17",
            "transform_matrix": [
                [
                    0.9719287157058716,
                    -0.11504384875297546,
                    0.20523034036159515,
                    0.7058266401290894
                ],
                [
                    -2.2351736461700966e-08,
                    0.8722977042198181,
                    0.48897498846054077,
                    7.499999523162842
                ],
                [
                    -0.23527556657791138,
                    -0.4752488434314728,
                    0.8478111624717712,
                    2.9157867431640625
                ],
                [
                    -0.0,
                    0.0,
                    -0.0,
                    1.0
                ]
            ]
        },
        {
            "file_path": "./train/r_18",
            "transform_matrix": [
                [
                    0.9147758483886719,
                    0.2844066321849823,
                    0.2868763506412506,
                    -1.2118855714797974
                ],
                [
                    -4.470347647611561e-08,
                    -0.7101569175720215,
                    0.7040433883666992,
                    7.5
                ],
                [
                    0.40396183729171753,
                    -0.644041895866394,
                    -0.6496344208717346,
                    2.7443277835845947
                ],
                [
                    -0.0,
                    0.0,
                    -0.0,
                    1.0
                ]
            ]
        },
        {
            "file_path": "./train/r_19",
            "transform_matrix": [
                [
                    0.1821514219045639,
                    -0.666448712348938,
                    0.7229569554328918,
                    2.9498112201690674
                ],
                [
                    -7.450577932388569e-09,
                    0.7352573871612549,
                    0.6777878403663635,
                    7.5
                ],
                [
                    -0.9832704067230225,
                    -0.12346001714468002,
                    0.13392819464206696,
                    0.5464543700218201
                ],
                [
                    -0.0,
                    0.0,
                    -0.0,
                    1.0
                ]
            ]
        },
        {
            "file_path": "./train/r_21",
            "transform_matrix": [
                [
                    -0.9766194224357605,
                    0.13219088315963745,
                    -0.16952937841415405,
                    0.6449277997016907
                ],
                [
                    -2.9802318834981634e-08,
                    -0.7885971665382385,
                    -0.6149101853370667,
                    7.500000476837158
                ],
                [
                    -0.21497592329978943,
                    -0.600533127784729,
                    0.7701592445373535,
                    -2.9298582077026367
                ],
                [
                    -0.0,
                    0.0,
                    0.0,
                    1.0
                ]
            ]
        },
        {
            "file_path": "./train/r_22",
            "transform_matrix": [
                [
                    -0.19404113292694092,
                    0.7779791951179504,
                    -0.5975754857063293,
                    2.9429805278778076
                ],
                [
                    -4.470348358154297e-08,
                    -0.6091533899307251,
                    -0.7930524349212646,
                    7.5
                ],
                [
                    -0.9809933304786682,
                    -0.15388478338718414,
                    0.1182008609175682,
                    -0.582123339176178
                ],
                [
                    -0.0,
                    0.0,
                    0.0,
                    1.0
                ]
            ]
        },
        {
            "file_path": "./train/r_23",
            "transform_matrix": [
                [
                    0.575377881526947,
                    -0.8145180940628052,
                    0.07416510581970215,
                    -2.4536631107330322
                ],
                [
                    1.862644971595273e-08,
                    -0.09067882597446442,
                    -0.995880126953125,
                    7.500000476837158
                ],
                [
                    0.8178876638412476,
                    0.5730074048042297,
                    -0.05217457190155983,
                    1.7261337041854858
                ],
                [
                    -0.0,
                    0.0,
                    -0.0,
                    1.0
                ]
            ]
        },
        {
            "file_path": "./train/r_25",
            "transform_matrix": [
                [
                    -0.9118484854698181,
                    0.02272767946124077,
                    0.40989723801612854,
                    -1.2315807342529297
                ],
                [
                    -0.0,
                    -0.9984662532806396,
                    0.05536222085356712,
                    7.499999523162842
                ],
                [
                    0.410526841878891,
                    0.05048196017742157,
                    0.9104499816894531,
                    -2.7355456352233887
                ],
                [
                    -0.0,
                    0.0,
                    -0.0,
                    1.0
                ]
            ]
        },
        {
            "file_path": "./train/r_26",
            "transform_matrix": [
                [
                    0.8807044625282288,
                    -0.38403719663619995,
                    0.27726301550865173,
                    -1.420997977256775
                ],
                [
                    5.960463056453591e-08,
                    -0.5853555202484131,
                    -0.8107765913009644,
                    7.499999046325684
                ],
                [
                    0.47366586327552795,
                    0.7140546441078186,
                    -0.5155252814292908,
                    2.64211368560791
                ],
                [
                    -0.0,
                    0.0,
                    -0.0,
                    1.0
                ]
            ]
        },
        {
            "file_path": "./train/r_27",
            "transform_matrix": [
                [
                    -0.6056815385818481,
                    -0.7443147301673889,
                    0.28132760524749756,
                    -2.3871209621429443
                ],
                [
                    -7.450579175838357e-08,
                    -0.35355666279792786,
                    -0.9354130029678345,
                    7.499999046325684
                ],
                [
                    0.7957070469856262,
                    -0.5665624141693115,
                    0.21414270997047424,
                    -1.8170443773269653
                ],
                [
                    -0.0,
                    0.0,
                    -0.0,
                    1.0
                ]
            ]
        },
        {
            "file_path": "./train/r_29",
            "transform_matrix": [
                [
                    -0.25613030791282654,
                    -0.8807289600372314,
                    0.3983888626098633,
                    -2.8999271392822266
                ],
                [
                    -7.4505797087454084e-09,
                    -0.41213682293891907,
                    -0.9111219048500061,
                    7.500000476837158
                ],
                [
                    0.9666423201560974,
                    -0.23336593806743622,
                    0.10556072741746902,
                    -0.768390953540802
                ],
                [
                    -0.0,
                    0.0,
                    -0.0,
                    1.0
                ]
            ]
        },
        {
            "file_path": "./train/r_30",
            "transform_matrix": [
                [
                    0.15434017777442932,
                    -0.05852532014250755,
                    0.9862827658653259,
                    -2.9640533924102783
                ],
                [
                    9.313223525708736e-10,
                    -0.9982439279556274,
                    -0.059235088527202606,
                    7.5
                ],
                [
                    0.9880176782608032,
                    0.009142355062067509,
                    -0.15406915545463562,
                    0.46302056312561035
                ],
                [
                    -0.0,
                    0.0,
                    -0.0,
                    1.0
                ]
            ]
        },
        {
            "file_path": "./train/r_31",
            "transform_matrix": [
                [
                    -0.9978345036506653,
                    0.06560099124908447,
                    0.004756077192723751,
                    0.19731952250003815
                ],
                [
                    6.053595846822191e-09,
                    0.07231038063764572,
                    -0.9973821043968201,
                    7.499999523162842
                ],
                [
                    -0.06577316671609879,
                    -0.9952223300933838,
                    -0.07215379923582077,
                    -2.9935033321380615
                ],
                [
                    -0.0,
                    -0.0,
                    -0.0,
                    1.0
                ]
            ]
        },
        {
            "file_path": "./train/r_33",
            "transform_matrix": [
                [
                    0.0060281031765043736,
                    -0.7033143043518066,
                    -0.7108532786369324,
                    2.9999454021453857
                ],
                [
                    -0.0,
                    -0.7108661532402039,
                    0.7033271193504333,
                    7.499999523162842
                ],
                [
                    -0.9999817609786987,
                    -0.004239728674292564,
                    -0.004285174887627363,
                    0.018084309995174408
                ],
                [
                    -0.0,
                    0.0,
                    -0.0,
                    1.0
                ]
            ]
        },
        {
            "file_path": "./train/r_34",
            "transform_matrix": [
                [
                    0.45410269498825073,
                    -0.7480226159095764,
                    -0.48399651050567627,
                    -2.6728475093841553
                ],
                [
                    -2.9802315282267955e-08,
                    0.5432368516921997,
                    -0.8395794034004211,
                    7.499999046325684
                ],
                [
                    0.8909491300582886,
                    0.38125529885292053,
                    0.24668535590171814,
                    1.362308144569397
                ],
                [
                    -0.0,
                    0.0,
                    -0.0,
                    1.0
                ]
            ]
        },
        {
            "file_path": "./train/r_35",
            "transform_matrix": [
                [
                    0.9495753645896912,
                    -0.0765279084444046,
                    0.304055780172348,
                    0.940615713596344
                ],
                [
                    -7.450578820566989e-09,
                    0.9697554111480713,
                    0.2440781444311142,
                    7.500000476837158
                ],
                [
                    -0.313538521528244,
                    -0.2317705899477005,
                    0.9208559989929199,
                    2.8487260341644287
                ],
                [
                    -0.0,
                    0.0,
                    -0.0,
                    1.0
                ]
            ]
        },
        {
            "file_path": "./train/r_37",
            "transform_matrix": [
                [
                    0.5559192895889282,
                    0.5050300359725952,
                    0.6602259278297424,
                    2.493708848953247
                ],
                [
                    1.4901159417490817e-08,
                    0.794269859790802,
                    -0.6075649857521057,
                    7.5
                ],
                [
                    -0.8312362432479858,
                    0.3377571105957031,
                    0.44154995679855347,
                    1.6677577495574951
                ],
                [
                    -0.0,
                    -0.0,
                    -0.0,
                    1.0
                ]
            ]
        },
        {
            "file_path": "./train/r_38",
            "transform_matrix": [
                [
                    -0.9999709725379944,
                    -0.0072371563874185085,
                    -0.002373604802414775,
                    0.022849369794130325
                ],
                [
                    -0.0,
                    -0.31164154410362244,
                    0.9501996636390686,
                    7.499999523162842
                ],
                [
                    -0.007616457995027304,
                    0.9501721262931824,
                    0.3116324841976166,
                    -2.999912738800049
                ],
                [
                    0.0,
                    0.0,
                    -0.0,
                    1.0
                ]
            ]
        },
        {
            "file_path": "./train/r_39",
            "transform_matrix": [
                [
                    -0.9945101737976074,
                    0.09898896515369415,
                    0.03391846641898155,
                    -0.31391650438308716
                ],
                [
                    -3.7252889661942845e-09,
                    -0.324148029088974,
                    0.946006178855896,
                    7.499999046325684
                ],
                [
                    0.10463880747556686,
                    0.9408128261566162,
                    0.3223685622215271,
                    -2.9835309982299805
                ],
                [
                    -0.0,
                    0.0,
                    -0.0,
                    1.0
                ]
            ]
        },
        {
            "file_path": "./train/r_41",
            "transform_matrix": [
                [
                    -0.8228940963745117,
                    -0.033107079565525055,
                    0.5672295093536377,
                    1.7045848369598389
                ],
                [
                    -0.0,
                    0.9983010292053223,
                    0.05826711654663086,
                    7.5
                ],
                [
                    -0.5681949257850647,
                    0.04794766381382942,
                    -0.8214958906173706,
                    -2.468681812286377
                ],
                [
                    0.0,
                    0.0,
                    -0.0,
                    1.0
                ]
            ]
        },
        {
            "file_path": "./train/r_42",
            "transform_matrix": [
                [
                    -0.6493973731994629,
                    0.5296862721443176,
                    -0.5456331968307495,
                    2.2813475131988525
                ],
                [
                    2.9802322387695313e-08,
                    -0.7175142168998718,
                    -0.6965438723564148,
                    7.500000476837158
                ],
                [
                    -0.7604492902755737,
                    -0.4523337483406067,
                    0.4659517705440521,
                    -1.9481918811798096
                ],
                [
                    -0.0,
                    0.0,
                    0.0,
                    1.0
                ]
            ]
        },
        {
            "file_path": "./train/r_43",
            "transform_matrix": [
                [
                    -0.9797607660293579,
                    -0.18488715589046478,
                    0.07671825587749481,
                    -0.6005169749259949
                ],
                [
                    -7.450581485102248e-09,
                    -0.38326114416122437,
                    -0.9236401319503784,
                    7.500000476837158
                ],
                [
                    0.2001723051071167,
                    -0.9049463272094727,
                    0.37550419569015503,
                    -2.9392826557159424
                ],
                [
                    -0.0,
                    0.0,
                    -0.0,
                    1.0
                ]
            ]
        },
        {
            "file_path": "./train/r_45",
            "transform_matrix": [
                [
                    0.9920809864997864,
                    0.07777246832847595,
                    0.09862399101257324,
                    -0.3767985999584198
                ],
                [
                    3.7252898543727042e-09,
                    -0.7852255702018738,
                    0.6192097067832947,
                    7.500000476837158
                ],
                [
                    0.12559954822063446,
                    -0.6143062114715576,
                    -0.7790073752403259,
                    2.976242780685425
                ],
                [
                    -0.0,
                    0.0,
                    -0.0,
                    1.0
                ]
            ]
        },
        {
            "file_path": "./train/r_46",
            "transform_matrix": [
                [
                    0.05910373479127884,
                    -0.6770462393760681,
                    -0.7335631251335144,
                    -2.994755506515503
                ],
                [
                    -5.5879341154252415e-09,
                    0.7348477244377136,
                    -0.678231954574585,
                    7.5
                ],
                [
                    0.9982517957687378,
                    0.0400860458612442,
                    0.04343225061893463,
                    0.1773112565279007
                ],
                [
                    -0.0,
                    0.0,
                    -0.0,
                    1.0
                ]
            ]
        },
        {
            "file_path": "./train/r_47",
            "transform_matrix": [
                [
                    -0.31921863555908203,
                    0.4843665063381195,
                    -0.814548134803772,
                    -2.843043804168701
                ],
                [
                    2.980232594040899e-08,
                    0.8595171570777893,
                    0.5111070275306702,
                    7.500000953674316
                ],
                [
                    0.947681188583374,
                    0.16315485537052155,
                    -0.2743738293647766,
                    -0.9576557278633118
                ],
                [
                    -0.0,
                    0.0,
                    0.0,
                    1.0
                ]
            ]
        },
        {
            "file_path": "./train/r_49",
            "transform_matrix": [
                [
                    0.662193775177002,
                    -0.3460071384906769,
                    -0.6646641492843628,
                    2.247997522354126
                ],
                [
                    4.470347647611561e-08,
                    -0.8870080709457397,
                    0.4617537558078766,
                    7.5
                ],
                [
                    -0.7493326663970947,
                    -0.30577048659324646,
                    -0.5873712301254272,
                    1.9865816831588745
                ],
                [
                    -0.0,
                    0.0,
                    -0.0,
                    1.0
                ]
            ]
        },
        {
            "file_path": "./train/r_50",
            "transform_matrix": [
                [
                    0.9102978110313416,
                    0.13273321092128754,
                    -0.3920966386795044,
                    -1.241862177848816
                ],
                [
                    -2.2351738238057806e-08,
                    0.9471986293792725,
                    0.320647269487381,
                    7.500000476837158
                ],
                [
                    0.4139539301395416,
                    -0.29188448190689087,
                    0.8622328639030457,
                    2.730893850326538
                ],
                [
                    -0.0,
                    0.0,
                    -0.0,
                    1.0
                ]
            ]
        },
        {
            "file_path": "./train/r_51",
            "transform_matrix": [
                [
                    -0.8136018514633179,
                    -0.5801897048950195,
                    0.03783893585205078,
                    -1.7442671060562134
                ],
                [
                    1.4901157641133977e-08,
                    -0.0650799572467804,
                    -0.9978799819946289,
                    7.499999523162842
                ],
                [
                    0.5814223289489746,
                    -0.8118770122528076,
                    0.05294919013977051,
                    -2.4408059120178223
                ],
                [
                    -0.0,
                    0.0,
                    -0.0,
                    1.0
                ]
            ]
        },
        {
            "file_path": "./train/r_53",
            "transform_matrix": [
                [
                    -0.7408785223960876,
                    0.1980406641960144,
                    -0.6417778134346008,
                    2.0149168968200684
                ],
                [
                    1.4901157641133977e-08,
                    -0.9555398225784302,
                    -0.2948617935180664,
                    7.500000953674316
                ],
                [
                    -0.6716390252113342,
                    -0.21845680475234985,
                    0.7079389691352844,
                    -2.2226357460021973
                ],
                [
                    -0.0,
                    0.0,
                    0.0,
                    1.0
                ]
            ]
        },
        {
            "file_path": "./train/r_54",
            "transform_matrix": [
                [
                    0.7602939009666443,
                    0.17998357117176056,
                    0.6241466403007507,
                    -1.9487372636795044
                ],
                [
                    -1.4901161193847656e-08,
                    -0.9608476161956787,
                    0.27707716822624207,
                    7.5
                ],
                [
                    0.6495792269706726,
                    -0.21066009998321533,
                    -0.7305265069007874,
                    2.2808821201324463
                ],
                [
                    -0.0,
                    0.0,
                    -0.0,
                    1.0
                ]
            ]
        },
        {
            "file_path": "./train/r_55",
            "transform_matrix": [
                [
                    -0.9816330671310425,
                    -0.03900885581970215,
                    -0.186747744679451,
                    0.5723353624343872
                ],
                [
                    -7.4505797087454084e-09,
                    -0.9788722991943359,
                    0.20447203516960144,
                    7.499999523162842
                ],
                [
                    -0.190778449177742,
                    0.2007165253162384,
                    0.960893452167511,
                    -2.944899320602417
                ],
                [
                    0.0,
                    0.0,
                    -0.0,
                    1.0
                ]
            ]
        },
        {
            "file_path": "./train/r_57",
            "transform_matrix": [
                [
                    0.5725057125091553,
                    -0.7993324995040894,
                    -0.18249580264091492,
                    2.459702730178833
                ],
                [
                    -1.4901159417490817e-08,
                    -0.22258278727531433,
                    0.9749138355255127,
                    7.500000476837158
                ],
                [
                    -0.8199007511138916,
                    -0.558143675327301,
                    -0.12742993235588074,
                    1.7175170183181763
                ],
                [
                    -0.0,
                    0.0,
                    -0.0,
                    1.0
                ]
            ]
        },
        {
            "file_path": "./train/r_58",
            "transform_matrix": [
                [
                    0.5542823672294617,
                    0.5765581130981445,
                    -0.6002930402755737,
                    2.496986150741577
                ],
                [
                    -2.9802315282267955e-08,
                    -0.7212210297584534,
                    -0.6927048563957214,
                    7.5
                ],
                [
                    -0.8323286175727844,
                    0.38395410776138306,
                    -0.3997601568698883,
                    1.6628470420837402
                ],
                [
                    -0.0,
                    0.0,
                    0.0,
                    1.0
                ]
            ]
        },
        {
            "file_path": "./train/r_59",
            "transform_matrix": [
                [
                    0.8515870571136475,
                    -0.5240904092788696,
                    0.011336322873830795,
                    1.5726391077041626
                ],
                [
                    9.313222415485711e-10,
                    0.02162540890276432,
                    0.9997659921646118,
                    7.499999046325684
                ],
                [
                    -0.5242130756378174,
                    -0.8513877987861633,
                    0.018415920436382294,
                    2.5547609329223633
                ],
                [
                    -0.0,
                    0.0,
                    -0.0,
                    1.0
                ]
            ]
        },
        {
            "file_path": "./train/r_61",
            "transform_matrix": [
                [
                    -0.4644603729248047,
                    -0.8024104833602905,
                    0.3747185468673706,
                    -2.6567816734313965
                ],
                [
                    -1.4901161193847656e-08,
                    -0.42312684655189514,
                    -0.9060704112052917,
                    7.5
                ],
                [
                    0.8855939507484436,
                    -0.4208338260650635,
                    0.19652564823627472,
                    -1.393381118774414
                ],
                [
                    -0.0,
                    0.0,
                    -0.0,
                    1.0
                ]
            ]
        },
        {
            "file_path": "./train/r_62",
            "transform_matrix": [
                [
                    -0.8397194147109985,
                    0.47580745816230774,
                    0.2616836726665497,
                    -1.6290613412857056
                ],
                [
                    5.960462345910855e-08,
                    -0.4819037914276123,
                    0.8762239813804626,
                    7.499999046325684
                ],
                [
                    0.5430203676223755,
                    0.7357823252677917,
                    0.404664009809494,
                    -2.519158363342285
                ],
                [
                    -0.0,
                    -0.0,
                    -0.0,
                    1.0
                ]
            ]
        },
        {
            "file_path": "./train/r_63",
            "transform_matrix": [
                [
                    -0.6845535039901733,
                    -0.5658653378486633,
                    -0.45954629778862,
                    -2.186887741088867
                ],
                [
                    2.9802318834981634e-08,
                    0.6304113268852234,
                    -0.7762612700462341,
                    7.500000953674316
                ],
                [
                    0.7289624810218811,
