{
    "camera_angle_x": 1.623098373413086,
    "frames": [
        {
            "file_path": "./train/r_1",
            "transform_matrix": [
                [
                    0.9216148853302002,
                    0.16661515831947327,
                    -0.35052141547203064,
                    -6.209685325622559
                ],
                [
                    1.0430809993522416e-07,
                    0.9031599164009094,
                    0.4293040335178375,
                    19.500003814697266
                ],
                [
                    0.38810551166534424,
                    -0.39565297961235046,
                    0.8323657512664795,
                    14.745841026306152
                ],
                [
                    -0.0,
                    0.0,
                    -0.0,
                    1.0
                ]
            ]
        },
        {
            "file_path": "./train/r_2",
            "transform_matrix": [
                [
                    0.6070205569267273,
                    -0.1436470001935959,
                    0.7815954089164734,
                    12.714974403381348
                ],
                [
                    -5.215404996761208e-08,
                    0.9835271835327148,
                    0.180759459733963,
                    19.5
                ],
                [
                    -0.7946860194206238,
                    -0.1097247451543808,
                    0.5970212817192078,
                    9.712331771850586
                ],
                [
                    -0.0,
                    0.0,
                    -0.0,
                    1.0
                ]
            ]
        },
        {
            "file_path": "./train/r_3",
            "transform_matrix": [
                [
                    0.9558950066566467,
                    -0.14292827248573303,
                    0.2565854787826538,
                    4.69933557510376
                ],
                [
                    5.215404996761208e-08,
                    0.8736063241958618,
                    0.4866330921649933,
                    19.499998092651367
                ],
                [
                    -0.2937083840370178,
                    -0.46517014503479004,
                    0.8350759744644165,
                    15.294321060180664
                ],
                [
                    -0.0,
                    0.0,
                    -0.0,
                    1.0
                ]
            ]
        },
        {
            "file_path": "./train/r_5",
            "transform_matrix": [
                [
                    0.49133074283599854,
                    0.5698578953742981,
                    0.6586775779724121,
                    13.935569763183594
                ],
                [
                    -4.470348358154297e-08,
                    0.7562547922134399,
                    -0.6542773246765137,
                    19.5
                ],
                [
                    -0.8709731101989746,
                    0.32146650552749634,
                    0.37157127261161804,
                    7.86129093170166
                ],
                [
                    -0.0,
                    -0.0,
                    -0.0,
                    1.0
                ]
            ]
        },
        {
            "file_path": "./train/r_6",
            "transform_matrix": [
                [
                    -0.4905834197998047,
                    -0.5984309315681458,
                    0.6334100365638733,
                    13.942307472229004
                ],
                [
                    -8.940695295223122e-08,
                    0.7268926501274109,
                    0.6867510676383972,
                    19.5
                ],
                [
                    -0.871394157409668,
                    0.33690860867500305,
                    -0.3566015660762787,
                    -7.849331855773926
                ],
                [
                    0.0,
                    0.0,
                    -0.0,
                    1.0
                ]
            ]
        },
        {
            "file_path": "./train/r_7",
            "transform_matrix": [
                [
                    -0.6257078051567078,
                    -0.16915708780288696,
                    0.7614954710006714,
                    12.480915069580078
                ],
                [
                    5.215404996761208e-08,
                    0.9762042760848999,
                    0.21685215830802917,
                    19.5
                ],
                [
                    -0.7800573110580444,
                    0.13568614423274994,
                    -0.6108188033103943,
                    -10.01132869720459
                ],
                [
                    0.0,
                    0.0,
                    -0.0,
                    1.0
                ]
            ]
        },
        {
            "file_path": "./train/r_9",
            "transform_matrix": [
                [
                    0.9954526424407959,
                    0.040617238730192184,
                    -0.08616316318511963,
                    -1.5241090059280396
                ],
                [
                    -2.9802318834981634e-08,
                    0.9045359492301941,
                    0.4263972342014313,
                    19.499998092651367
                ],
                [
                    0.0952567309141159,
                    -0.42445826530456543,
                    0.9004228711128235,
                    15.927245140075684
                ],
                [
                    -0.0,
                    0.0,
                    -0.0,
                    1.0
                ]
            ]
        },
        {
            "file_path": "./train/r_10",
            "transform_matrix": [
                [
                    0.11139406263828278,
                    -0.6171691417694092,
                    0.7789053916931152,
                    15.900423049926758
                ],
                [
                    1.4901161193847656e-08,
                    0.7837834358215332,
                    0.6210342645645142,
                    19.5
                ],
                [
                    -0.9937763214111328,
                    -0.06917952001094818,
                    0.08730883151292801,
                    1.7823047637939453
                ],
                [
                    -0.0,
                    0.0,
                    -0.0,
                    1.0
                ]
            ]
        },
        {
            "file_path": "./train/r_11",
            "transform_matrix": [
                [
                    -0.8145241737365723,
                    0.027803244069218636,
                    -0.579463005065918,
                    -9.282069206237793
                ],
                [
                    -2.4214383387288763e-08,
                    0.9988508820533752,
                    0.04792594909667969,
                    19.500001907348633
                ],
                [
                    0.5801297426223755,
                    0.03903685882687569,
                    -0.8135881423950195,
                    -13.032391548156738
                ],
                [
                    -0.0,
                    -0.0,
                    -0.0,
                    1.0
                ]
            ]
        },
        {
            "file_path": "./train/r_13",
            "transform_matrix": [
                [
                    0.35884469747543335,
                    0.5325972437858582,
                    0.7665314674377441,
                    14.934354782104492
                ],
                [
                    -2.9802315282267955e-08,
                    0.8212274312973022,
                    -0.5706008672714233,
                    19.499998092651367
                ],
                [
                    -0.9333971738815308,
                    0.20475707948207855,
                    0.2946932017803192,
                    5.741514205932617
                ],
                [
                    -0.0,
                    -0.0,
                    -0.0,
                    1.0
                ]
            ]
        },
        {
            "file_path": "./train/r_14",
            "transform_matrix": [
                [
                    -0.7468119859695435,
                    0.1561809480190277,
                    -0.6464357972145081,
                    -10.640563011169434
                ],
                [
                    -0.0,
                    0.9720324277877808,
                    0.23484614491462708,
                    19.500001907348633
                ],
                [
                    0.6650351285934448,
                    0.17538590729236603,
                    -0.7259255051612854,
                    -11.948990821838379
                ],
                [
                    -0.0,
                    0.0,
                    0.0,
                    1.0
                ]
            ]
        },
        {
            "file_path": "./train/r_15",
            "transform_matrix": [
                [
                    0.6163304448127747,
                    -0.24872906506061554,
                    -0.7471751570701599,
                    -12.599810600280762
                ],
                [
                    2.2351741790771484e-07,
                    0.9488087892532349,
                    -0.3158511817455292,
                    19.500003814697266
                ],
                [
                    0.787487804889679,
                    0.19466853141784668,
                    0.584779679775238,
                    9.86128044128418
                ],
                [
                    -0.0,
                    0.0,
                    -0.0,
                    1.0
                ]
            ]
        },
        {
            "file_path": "./train/r_17",
            "transform_matrix": [
                [
                    -0.9978605508804321,
                    -0.02529440075159073,
                    -0.06028742343187332,
                    -1.046059489250183
                ],
                [
                    1.1175869119028903e-08,
                    0.9221256375312805,
                    -0.3868904411792755,
                    19.5
                ],
                [
                    0.06537874788045883,
                    -0.3860626816749573,
                    -0.9201527237892151,
                    -15.96576976776123
                ],
                [
                    -0.0,
                    0.0,
                    -0.0,
                    1.0
                ]
            ]
        },
        {
            "file_path": "./train/r_18",
            "transform_matrix": [
                [
                    -0.932929277420044,
                    -0.16553373634815216,
                    -0.3197522461414337,
                    -5.760955333709717
                ],
                [
                    -4.470347647611561e-08,
                    0.8880536556243896,
                    -0.45973971486091614,
                    19.500001907348633
                ],
                [
                    0.36005958914756775,
                    -0.42890462279319763,
                    -0.8284912705421448,
                    -14.926868438720703
                ],
                [
                    -0.0,
                    0.0,
                    0.0,
                    1.0
                ]
            ]
        },
        {
            "file_path": "./train/r_19",
            "transform_matrix": [
                [
                    -0.9940666556358337,
                    0.026029370725154877,
                    0.10561269521713257,
                    1.7403701543807983
                ],
                [
                    2.2351738238057806e-08,
                    0.9709457159042358,
                    -0.23929965496063232,
                    19.5
                ],
                [
                    -0.10877303034067154,
                    -0.23787979781627655,
                    -0.9651846885681152,
                    -15.905067443847656
                ],
                [
                    -0.0,
                    -0.0,
                    -0.0,
                    1.0
                ]
            ]
        },
        {
            "file_path": "./train/r_21",
            "transform_matrix": [
                [
                    0.9418553113937378,
                    0.1500646471977234,
                    0.3006477355957031,
                    5.376299858093262
                ],
                [
                    -5.960463766996327e-08,
                    0.89473557472229,
                    -0.4465961456298828,
                    19.5
                ],
                [
                    -0.33601856231689453,
                    0.42062893509864807,
                    0.8427115082740784,
                    15.069684982299805
                ],
                [
                    -0.0,
                    -0.0,
                    -0.0,
                    1.0
                ]
            ]
        },
        {
            "file_path": "./train/r_22",
            "transform_matrix": [
                [
                    -0.31699836254119873,
                    -0.19021597504615784,
                    0.9291554093360901,
                    15.174817085266113
                ],
                [
                    2.607702853651972e-08,
                    0.9796814322471619,
                    0.2005596160888672,
                    19.5
                ],
                [
                    -0.9484261274337769,
                    0.0635770931839943,
                    -0.31055739521980286,
                    -5.071975231170654
                ],
                [
                    0.0,
                    0.0,
                    -0.0,
                    1.0
                ]
            ]
        },
        {
            "file_path": "./train/r_23",
            "transform_matrix": [
                [
                    0.3638368248939514,
                    0.010004171170294285,
                    0.9314090609550476,
                    14.903403282165527
                ],
                [
                    2.0954760149294316e-09,
                    0.999942421913147,
                    -0.010740282014012337,
                    19.500001907348633
                ],
                [
                    -0.931462824344635,
                    0.003907711710780859,
                    0.3638158440589905,
                    5.821391582489014
                ],
                [
                    -0.0,
                    -0.0,
                    -0.0,
                    1.0
                ]
            ]
        },
        {
            "file_path": "./train/r_25",
            "transform_matrix": [
                [
                    0.9761248826980591,
                    0.12106980383396149,
                    -0.18033914268016815,
                    -3.4753565788269043
                ],
                [
                    1.4901157641133977e-08,
                    0.8302530646324158,
                    0.5573865175247192,
                    19.500001907348633
                ],
                [
                    0.2172098308801651,
                    -0.5440788269042969,
                    0.8104307651519775,
                    15.617998123168945
                ],
                [
                    -0.0,
                    0.0,
                    -0.0,
                    1.0
                ]
            ]
        },
        {
            "file_path": "./train/r_26",
            "transform_matrix": [
                [
                    0.9634220600128174,
                    0.18049637973308563,
                    -0.19808806478977203,
                    -4.287817001342773
                ],
                [
                    -5.960463056453591e-08,
                    0.7391663789749146,
                    0.6735225915908813,
                    19.5
                ],
                [
                    0.26798850297927856,
                    -0.6488865613937378,
                    0.7121292352676392,
                    15.414750099182129
                ],
                [
                    -0.0,
                    0.0,
                    -0.0,
                    1.0
                ]
            ]
        },
        {
            "file_path": "./train/r_27",
            "transform_matrix": [
                [
                    0.7473865151405334,
                    -0.05847976356744766,
                    0.6618106961250305,
                    10.630229949951172
                ],
                [
                    -3.725290298461914e-09,
                    0.9961186647415161,
                    0.08802030980587006,
                    19.500001907348633
                ],
                [
                    -0.6643893718719482,
                    -0.06578519940376282,
                    0.7444857954978943,
                    11.958184242248535
                ],
                [
                    -0.0,
                    0.0,
                    -0.0,
                    1.0
                ]
            ]
        },
        {
            "file_path": "./train/r_29",
            "transform_matrix": [
                [
                    -0.9062364101409912,
                    0.24021168053150177,
                    -0.34789931774139404,
                    -6.76433801651001
                ],
                [
                    -1.1920927533992653e-07,
                    0.8229016661643982,
                    0.5681837201118469,
                    19.5
                ],
                [
                    0.42277130484580994,
                    0.5149087905883789,
                    -0.7457435131072998,
                    -14.499783515930176
                ],
                [
                    -0.0,
                    -0.0,
                    -0.0,
                    1.0
                ]
            ]
        },
        {
            "file_path": "./train/r_30",
            "transform_matrix": [
                [
                    -0.27602964639663696,
                    0.07680384814739227,
                    -0.9580754637718201,
                    -15.378387451171875
                ],
                [
                    -2.0489094865183688e-08,
                    0.9968021512031555,
                    0.07990836352109909,
                    19.500001907348633
                ],
                [
                    0.9611490964889526,
                    0.022057099267840385,
                    -0.2751469910144806,
                    -4.416478157043457
                ],
                [
                    -0.0,
                    -0.0,
                    -0.0,
                    1.0
                ]
            ]
        },
        {
            "file_path": "./train/r_31",
            "transform_matrix": [
                [
                    -0.11766137927770615,
                    -0.23757314682006836,
                    0.9642171859741211,
                    15.888859748840332
                ],
                [
                    -1.30385160446167e-08,
                    0.9709616899490356,
                    0.23923493921756744,
                    19.5
                ],
                [
                    -0.9930537343025208,
                    0.028148699551820755,
                    -0.11424469202756882,
                    -1.8825812339782715
                ],
                [
                    0.0,
                    0.0,
                    -0.0,
                    1.0
                ]
            ]
        },
        {
            "file_path": "./train/r_33",
            "transform_matrix": [
                [
                    0.23954473435878754,
                    -0.27095410227775574,
                    -0.9323100447654724,
                    -15.534162521362305
                ],
                [
                    4.8428763221863846e-08,
                    0.9602678418159485,
                    -0.279079407453537,
                    19.499998092651367
                ],
                [
                    0.9708850979804993,
                    0.06685196608304977,
                    0.2300271838903427,
                    3.8327131271362305
                ],
                [
                    -0.0,
                    0.0,
                    -0.0,
                    1.0
                ]
            ]
        },
        {
            "file_path": "./train/r_34",
            "transform_matrix": [
                [
                    -0.9250847101211548,
                    0.09790566563606262,
                    0.36692333221435547,
                    6.076173782348633
                ],
                [
                    4.470348358154297e-08,
                    0.9661959409713745,
                    -0.2578086853027344,
                    19.5
                ],
                [
                    -0.3797607719898224,
                    -0.2384948581457138,
                    -0.8938130736351013,
                    -14.801352500915527
                ],
                [
                    -0.0,
                    -0.0,
                    -0.0,
                    1.0
                ]
            ]
        },
        {
            "file_path": "./train/r_35",
            "transform_matrix": [
                [
                    0.3330775499343872,
                    0.5360115766525269,
                    0.7757259607315063,
                    15.086390495300293
                ],
                [
                    -5.960463056453591e-08,
                    0.8227027058601379,
                    -0.5684716701507568,
                    19.5
                ],
                [
                    -0.9428993463516235,
                    0.189345121383667,
                    0.2740238904953003,
                    5.329239368438721
                ],
                [
                    -0.0,
                    -0.0,
                    -0.0,
                    1.0
                ]
            ]
        },
        {
            "file_path": "./train/r_37",
            "transform_matrix": [
                [
                    0.7259554862976074,
                    0.3777916431427002,
                    -0.574684202671051,
                    -11.003861427307129
                ],
                [
                    1.0430809993522416e-07,
                    0.8356105089187622,
                    0.5493221879005432,
                    19.499998092651367
                ],
                [
                    0.6877415180206299,
                    -0.39878353476524353,
                    0.6066160798072815,
                    11.615287780761719
                ],
                [
                    -0.0,
                    0.0,
                    -0.0,
                    1.0
                ]
            ]
        },
        {
            "file_path": "./train/r_38",
            "transform_matrix": [
                [
                    -0.3149714767932892,
                    -0.619163453578949,
                    0.7193257808685303,
                    15.185615539550781
                ],
                [
                    1.4901161193847656e-07,
                    0.7579020857810974,
                    0.6523683071136475,
                    19.5
                ],
                [
                    -0.9491011500358582,
                    0.2054775208234787,
                    -0.2387174516916275,
                    -5.039546489715576
                ],
                [
                    0.0,
                    0.0,
                    -0.0,
                    1.0
                ]
            ]
        },
        {
            "file_path": "./train/r_39",
            "transform_matrix": [
                [
                    0.9790878295898438,
                    0.13357985019683838,
                    -0.153438538312912,
                    -3.2550063133239746
                ],
                [
                    -5.215405707303944e-08,
                    0.7542281150817871,
                    0.6566122770309448,
                    19.499998092651367
                ],
                [
                    0.20343786478042603,
                    -0.6428811550140381,
                    0.7384556531906128,
                    15.665403366088867
                ],
                [
                    -0.0,
                    0.0,
                    -0.0,
                    1.0
                ]
            ]
        },
        {
            "file_path": "./train/r_41",
            "transform_matrix": [
                [
                    -0.04713533818721771,
                    0.37093085050582886,
                    0.9274634718894958,
                    15.982215881347656
                ],
                [
                    -7.4505797087454084e-09,
                    0.928495466709137,
                    -0.37134361267089844,
                    19.5
                ],
                [
                    -0.9988884925842285,
                    -0.017503410577774048,
                    -0.04376494511961937,
                    -0.7541656494140625
                ],
                [
                    -0.0,
                    -0.0,
                    -0.0,
                    1.0
                ]
            ]
        },
        {
            "file_path": "./train/r_42",
            "transform_matrix": [
                [
                    0.5352106094360352,
                    0.4523787498474121,
                    0.7133744359016418,
                    13.515496253967285
                ],
                [
                    1.7881390590446244e-07,
                    0.8445111513137817,
                    -0.535537838935852,
                    19.500001907348633
                ],
                [
                    -0.8447186946868896,
                    0.2866256535053253,
                    0.4519912004470825,
                    8.563373565673828
                ],
                [
                    -0.0,
                    -0.0,
                    -0.0,
                    1.0
                ]
            ]
        },
        {
            "file_path": "./train/r_43",
            "transform_matrix": [
                [
                    0.8277947902679443,
                    -0.04031214863061905,
                    0.5595808625221252,
                    8.976503372192383
                ],
                [
                    2.60770320892334e-08,
                    0.9974151849746704,
                    0.0718536525964737,
                    19.5
                ],
                [
                    -0.5610309839248657,
                    -0.05948005989193916,
                    0.8256551027297974,
                    13.244711875915527
                ],
                [
                    -0.0,
                    0.0,
                    -0.0,
                    1.0
                ]
            ]
        },
        {
            "file_path": "./train/r_45",
            "transform_matrix": [
                [
                    0.0077058724127709866,
                    -0.003364462638273835,
                    0.9999645948410034,
                    15.999523162841797
                ],
                [
                    1.8189889698649875e-12,
                    0.9999942183494568,
                    0.0033645627554506063,
                    19.5
                ],
                [
                    -0.9999702572822571,
                    -2.592689088487532e-05,
                    0.00770582864060998,
                    0.12329395860433578
                ],
                [
                    -0.0,
                    0.0,
                    -0.0,
                    1.0
                ]
            ]
        },
        {
            "file_path": "./train/r_46",
            "transform_matrix": [
                [
                    0.5143042802810669,
                    0.6003733277320862,
                    -0.6124075651168823,
                    -13.721724510192871
                ],
                [
                    1.4901161193847656e-07,
                    0.7140880823135376,
                    0.7000558972358704,
                    19.5
                ],
                [
                    0.8576078414916992,
                    -0.3600418269634247,
                    0.3672584593296051,
                    8.228870391845703
                ],
                [
                    -0.0,
                    0.0,
                    -0.0,
                    1.0
                ]
            ]
        },
        {
            "file_path": "./train/r_47",
            "transform_matrix": [
                [
                    0.2568027079105377,
                    0.01780523732304573,
                    -0.9662997722625732,
                    -15.463420867919922
                ],
                [
                    1.3969835288563104e-09,
                    0.9998301863670349,
                    0.01842307858169079,
                    19.5
                ],
                [
                    0.9664638042449951,
                    -0.004731097258627415,
                    0.2567591369152069,
                    4.108845233917236
                ],
                [
                    -0.0,
                    0.0,
                    -0.0,
                    1.0
                ]
            ]
        },
        {
            "file_path": "./train/r_49",
            "transform_matrix": [
                [
                    0.991492509841919,
                    0.07553639262914658,
                    0.10600394010543823,
                    2.0826199054718018
                ],
                [
                    -4.0978189730367376e-08,
                    0.814389705657959,
                    -0.5803182125091553,
                    19.5
                ],
                [
                    -0.13016368448734283,
                    0.5753811597824097,
                    0.8074613213539124,
                    15.863880157470703
                ],
                [
                    -0.0,
                    -0.0,
                    -0.0,
                    1.0
                ]
            ]
        },
        {
            "file_path": "./train/r_50",
            "transform_matrix": [
                [
                    -0.6872841715812683,
                    -0.48675695061683655,
                    -0.5391736030578613,
                    -11.622217178344727
                ],
                [
                    1.1920927533992653e-07,
                    0.7422658801078796,
                    -0.670105516910553,
                    19.500001907348633
                ],
                [
                    0.726388692855835,
                    -0.4605529010295868,
                    -0.5101475119590759,
                    -10.996549606323242
                ],
                [
                    -0.0,
                    0.0,
                    -0.0,
                    1.0
                ]
            ]
        },
        {
            "file_path": "./train/r_51",
            "transform_matrix": [
                [
                    -0.18478892743587494,
                    0.4347359538078308,
                    -0.8813952207565308,
                    -15.72445297241211
                ],
                [
                    -2.9802311729554276e-08,
                    0.8968403339385986,
                    0.44235411286354065,
                    19.5
                ],
                [
                    0.9827781319618225,
                    0.08174216747283936,
                    -0.16572615504264832,
                    -2.9566237926483154
                ],
                [
                    -0.0,
                    -0.0,
                    -0.0,
                    1.0
                ]
            ]
        },
        {
            "file_path": "./train/r_53",
            "transform_matrix": [
                [
                    -0.8409171104431152,
                    0.009221576154232025,
                    0.5410854816436768,
                    8.658624649047852
                ],
                [
                    -0.0,
                    0.9998548030853271,
                    -0.017040260136127472,
                    19.500001907348633
                ],
                [
                    -0.5411640405654907,
                    -0.01432944554835558,
                    -0.8407949805259705,
                    -13.454672813415527
                ],
                [
                    -0.0,
                    -0.0,
                    -0.0,
                    1.0
                ]
            ]
        },
        {
            "file_path": "./train/r_54",
            "transform_matrix": [
                [
                    -0.994702935218811,
                    0.018756497651338577,
                    0.10106632858514786,
                    1.644673228263855
                ],
                [
                    1.862645371275562e-09,
                    0.9832114577293396,
                    -0.18247027695178986,
                    19.5
                ],
                [
                    -0.10279206931591034,
                    -0.18150371313095093,
                    -0.9780032634735107,
                    -15.915246963500977
                ],
                [
                    -0.0,
                    -0.0,
                    -0.0,
                    1.0
                ]
            ]
        },
        {
            "file_path": "./train/r_55",
            "transform_matrix": [
                [
                    -0.6471884250640869,
                    0.5252012014389038,
                    0.5525492429733276,
                    12.197282791137695
                ],
                [
                    4.6193582647902076e-07,
                    0.7248165011405945,
                    -0.6889418363571167,
                    19.499998092651367
                ],
                [
                    -0.7623299360275269,
                    -0.4458749294281006,
                    -0.4690931439399719,
                    -10.355008125305176
                ],
                [
                    -0.0,
                    -0.0,
                    -0.0,
                    1.0
                ]
            ]
        },
        {
            "file_path": "./train/r_57",
            "transform_matrix": [
                [
                    -0.4614730477333069,
                    0.11625320464372635,
                    0.8795041441917419,
                    14.194467544555664
                ],
                [
                    4.8428763221863846e-08,
                    0.9913768768310547,
                    -0.1310405731201172,
                    19.5
                ],
                [
                    -0.8871541023254395,
                    -0.06047165021300316,
                    -0.45749375224113464,
                    -7.3835649490356445
                ],
                [
                    -0.0,
                    -0.0,
                    -0.0,
                    1.0
                ]
            ]
        },
        {
            "file_path": "./train/r_58",
            "transform_matrix": [
                [
                    0.5296569466590881,
                    -0.024917900562286377,
                    0.8478457927703857,
                    13.571391105651855
                ],
                [
                    5.587933671336032e-09,
                    0.9995682239532471,
                    0.02937697432935238,
                    19.499998092651367
                ],
                [
                    -0.8482118248939514,
                    -0.01555971335619688,
                    0.5294283032417297,
                    8.474509239196777
                ],
                [
                    -0.0,
                    0.0,
                    -0.0,
                    1.0
                ]
            ]
        },
        {
            "file_path": "./train/r_59",
            "transform_matrix": [
                [
                    -0.18241532146930695,
                    0.6320945024490356,
                    0.7531142234802246,
                    15.731546401977539
                ],
                [
                    7.4505797087454084e-09,
                    0.7659659385681152,
                    -0.6428810954093933,
                    19.500001907348633
                ],
                [
                    -0.9832215309143066,
                    -0.11727134138345718,
                    -0.13972395658493042,
                    -2.9186453819274902
                ],
                [
                    -0.0,
                    -0.0,
                    -0.0,
                    1.0
                ]
            ]
        },
        {
            "file_path": "./train/r_61",
            "transform_matrix": [
                [
                    -0.9343960285186768,
                    -0.19462554156780243,
                    0.298370361328125,
                    5.699774265289307
                ],
                [
                    -1.4901159417490817e-08,
                    0.8375640511512756,
                    0.5463390946388245,
                    19.5
                ],
                [
                    -0.3562358319759369,
                    0.5104970335960388,
                    -0.7826166152954102,
                    -14.950338363647461
                ],
                [
                    0.0,
                    0.0,
                    -0.0,
                    1.0
                ]
            ]
        },
        {
            "file_path": "./train/r_62",
            "transform_matrix": [
                [
                    0.9980765581130981,
                    0.04079743102192879,
                    0.0466795489192009,
                    0.9919243454933167
                ],
                [
                    -2.0489101970611046e-08,
                    0.7529540657997131,
                    -0.6580734252929688,
                    19.5
                ],
                [
                    -0.0619952455163002,
                    0.656807541847229,
                    0.7515057325363159,
                    15.969225883483887
                ],
                [
                    -0.0,
                    -0.0,
                    -0.0,
                    1.0
                ]
            ]
        },
        {
            "file_path": "./train/r_63",
            "transform_matrix": [
                [
                    -0.7378766536712646,
                    0.33233529329299927,
                    0.5874446630477905,
                    10.798965454101563
                ],
                [
                    -1.4901159772762185e-07,
                    0.8703713417053223,
                    -0.49239569902420044,
                    19.499998092651367
                ],
                [
                    -0.6749355792999268,
                    -0.36332738399505615,
